image_name,Type_1,Type_2,Type_3
0.jpg,0.156010,0.741724,0.102265
1.jpg,0.057899,0.786461,0.155640
2.jpg,0.485432,0.481345,0.033223
3.jpg,0.051192,0.522223,0.426585
4.jpg,0.045746,0.101738,0.852517
5.jpg,0.157069,0.769484,0.073447
6.jpg,0.272026,0.693256,0.034718
7.jpg,0.037540,0.334658,0.627801
8.jpg,0.249565,0.707825,0.042610
9.jpg,0.043356,0.860879,0.095765
10.jpg,0.305760,0.644063,0.050177
11.jpg,0.038414,0.091595,0.869991
12.jpg,0.031562,0.205669,0.762769
13.jpg,0.050011,0.100197,0.849793
14.jpg,0.047875,0.597786,0.354339
15.jpg,0.049467,0.261076,0.689457
16.jpg,0.673875,0.272143,0.053983
17.jpg,0.330556,0.576339,0.093104
18.jpg,0.039247,0.891266,0.069487
19.jpg,0.055820,0.204421,0.739759
20.jpg,0.932534,0.049288,0.018177
21.jpg,0.136970,0.806789,0.056241
22.jpg,0.045838,0.878621,0.075542
23.jpg,0.527261,0.407931,0.064808
24.jpg,0.543548,0.402185,0.054267
25.jpg,0.086975,0.840684,0.072341
26.jpg,0.141997,0.801300,0.056702
27.jpg,0.031925,0.391849,0.576226
28.jpg,0.065836,0.619759,0.314404
29.jpg,0.068608,0.650754,0.280638
30.jpg,0.124510,0.777406,0.098084
31.jpg,0.205430,0.750480,0.044091
32.jpg,0.681467,0.142060,0.176473
33.jpg,0.387031,0.458988,0.153982
34.jpg,0.111150,0.659324,0.229526
35.jpg,0.031254,0.467051,0.501695
36.jpg,0.130508,0.828596,0.040897
37.jpg,0.543234,0.360352,0.096414
38.jpg,0.111965,0.614807,0.273229
39.jpg,0.089350,0.684339,0.226311
40.jpg,0.038219,0.172371,0.789410
41.jpg,0.037558,0.267126,0.695316
42.jpg,0.041014,0.870376,0.088609
43.jpg,0.030380,0.785546,0.184074
44.jpg,0.150641,0.679047,0.170313
45.jpg,0.037030,0.245689,0.717281
46.jpg,0.054989,0.163890,0.781120
47.jpg,0.698921,0.276055,0.025025
48.jpg,0.041185,0.123761,0.835054
49.jpg,0.046759,0.150765,0.802477
50.jpg,0.069820,0.247142,0.683037
51.jpg,0.970632,0.012853,0.016515
52.jpg,0.085738,0.258523,0.655739
53.jpg,0.039056,0.238012,0.722932
54.jpg,0.030851,0.225911,0.743237
55.jpg,0.240133,0.091391,0.668476
56.jpg,0.035866,0.879328,0.084806
57.jpg,0.159356,0.692976,0.147668
58.jpg,0.069283,0.495526,0.435191
59.jpg,0.863146,0.097052,0.039802
60.jpg,0.049146,0.483705,0.467149
61.jpg,0.174786,0.707476,0.117739
62.jpg,0.066100,0.190862,0.743038
63.jpg,0.037700,0.797753,0.164547
64.jpg,0.107512,0.817486,0.075002
65.jpg,0.939093,0.039854,0.021053
66.jpg,0.056040,0.114619,0.829341
67.jpg,0.039755,0.085026,0.875220
68.jpg,0.034783,0.887744,0.077473
69.jpg,0.178718,0.472124,0.349158
70.jpg,0.848952,0.133704,0.017345
71.jpg,0.132927,0.775581,0.091492
72.jpg,0.045275,0.888553,0.066172
73.jpg,0.106770,0.640955,0.252276
74.jpg,0.040599,0.486092,0.473309
75.jpg,0.084713,0.851060,0.064227
76.jpg,0.052844,0.115456,0.831701
77.jpg,0.095477,0.789422,0.115102
78.jpg,0.036594,0.087261,0.876145
79.jpg,0.828411,0.153144,0.018446
80.jpg,0.049660,0.173261,0.777079
81.jpg,0.078212,0.595089,0.326699
82.jpg,0.646650,0.322249,0.031100
83.jpg,0.037823,0.121022,0.841155
84.jpg,0.842212,0.129417,0.028371
85.jpg,0.063817,0.875860,0.060324
86.jpg,0.033812,0.089959,0.876229
87.jpg,0.045063,0.110186,0.844751
88.jpg,0.183741,0.692447,0.123813
89.jpg,0.044923,0.269707,0.685370
90.jpg,0.629180,0.324806,0.046015
91.jpg,0.391741,0.564503,0.043756
92.jpg,0.028530,0.422048,0.549421
93.jpg,0.033624,0.909708,0.056668
94.jpg,0.057475,0.825547,0.116978
95.jpg,0.044077,0.843540,0.112383
96.jpg,0.431030,0.526203,0.042767
97.jpg,0.246746,0.097529,0.655725
98.jpg,0.120986,0.842472,0.036542
99.jpg,0.106155,0.268871,0.624974
100.jpg,0.062658,0.876463,0.060879
101.jpg,0.750730,0.226912,0.022358
102.jpg,0.347107,0.534207,0.118686
103.jpg,0.211143,0.695534,0.093324
104.jpg,0.049917,0.155616,0.794467
105.jpg,0.038014,0.107564,0.854422
106.jpg,0.061372,0.817911,0.120717
107.jpg,0.039447,0.723073,0.237480
108.jpg,0.037351,0.615236,0.347413
109.jpg,0.038994,0.208097,0.752910
110.jpg,0.035085,0.887495,0.077420
111.jpg,0.109786,0.658290,0.231924
112.jpg,0.030970,0.737547,0.231483
113.jpg,0.022711,0.641493,0.335796
114.jpg,0.104840,0.273759,0.621401
115.jpg,0.041249,0.839642,0.119110
116.jpg,0.040931,0.190740,0.768330
117.jpg,0.166156,0.718675,0.115169
118.jpg,0.038483,0.131147,0.830370
119.jpg,0.322780,0.303461,0.373759
120.jpg,0.040588,0.879742,0.079669
121.jpg,0.045584,0.882848,0.071569
122.jpg,0.038367,0.150537,0.811096
123.jpg,0.670103,0.294961,0.034936
124.jpg,0.036212,0.105022,0.858765
125.jpg,0.039840,0.649245,0.310915
126.jpg,0.033209,0.895020,0.071772
127.jpg,0.061938,0.731063,0.206999
128.jpg,0.030244,0.906199,0.063558
129.jpg,0.059364,0.843122,0.097513
130.jpg,0.792343,0.175001,0.032656
131.jpg,0.037705,0.116064,0.846232
132.jpg,0.045006,0.431601,0.523393
133.jpg,0.076964,0.147175,0.775861
134.jpg,0.028606,0.907975,0.063420
135.jpg,0.059317,0.798876,0.141806
136.jpg,0.033519,0.889308,0.077173
137.jpg,0.345091,0.582197,0.072712
138.jpg,0.127375,0.497397,0.375228
139.jpg,0.037893,0.875105,0.087001
140.jpg,0.046400,0.889343,0.064258
141.jpg,0.043230,0.265824,0.690947
142.jpg,0.825331,0.146556,0.028113
143.jpg,0.032812,0.324054,0.643134
144.jpg,0.172543,0.776304,0.051153
145.jpg,0.038693,0.095130,0.866177
146.jpg,0.035940,0.904937,0.059123
147.jpg,0.047998,0.867251,0.084751
148.jpg,0.213320,0.680996,0.105684
149.jpg,0.071047,0.260605,0.668348
150.jpg,0.728099,0.245309,0.026592
151.jpg,0.041256,0.234812,0.723932
152.jpg,0.028195,0.907388,0.064416
153.jpg,0.036527,0.111843,0.851630
154.jpg,0.868244,0.112399,0.019357
155.jpg,0.060396,0.391685,0.547920
156.jpg,0.056873,0.708732,0.234395
157.jpg,0.056398,0.608360,0.335242
158.jpg,0.059993,0.208526,0.731481
159.jpg,0.096643,0.746526,0.156832
160.jpg,0.143731,0.798841,0.057428
161.jpg,0.081606,0.644219,0.274175
162.jpg,0.052745,0.391673,0.555582
163.jpg,0.050577,0.699369,0.250054
164.jpg,0.057366,0.700831,0.241803
165.jpg,0.880377,0.085926,0.033697
166.jpg,0.152762,0.551963,0.295275
167.jpg,0.038846,0.239858,0.721297
168.jpg,0.088618,0.684106,0.227275
169.jpg,0.045678,0.878824,0.075497
170.jpg,0.050116,0.874713,0.075172
171.jpg,0.091503,0.206505,0.701992
172.jpg,0.070079,0.403955,0.525966
173.jpg,0.106363,0.311545,0.582091
174.jpg,0.397359,0.492168,0.110472
175.jpg,0.033637,0.598258,0.368105
176.jpg,0.051595,0.689919,0.258487
177.jpg,0.049201,0.879735,0.071064
178.jpg,0.044408,0.177631,0.777961
179.jpg,0.369198,0.574758,0.056044
180.jpg,0.051293,0.389811,0.558895
181.jpg,0.086225,0.388641,0.525134
182.jpg,0.036910,0.112666,0.850424
183.jpg,0.272283,0.636980,0.090737
184.jpg,0.046873,0.138380,0.814747
185.jpg,0.053408,0.396513,0.550079
186.jpg,0.030744,0.904485,0.064771
187.jpg,0.148239,0.544222,0.307539
188.jpg,0.061767,0.164612,0.773621
189.jpg,0.056796,0.297360,0.645844
190.jpg,0.038199,0.904486,0.057315
191.jpg,0.036757,0.140620,0.822624
192.jpg,0.090998,0.338225,0.570777
193.jpg,0.820932,0.144834,0.034233
194.jpg,0.045275,0.593598,0.361127
195.jpg,0.058394,0.838361,0.103245
196.jpg,0.662489,0.224708,0.112802
197.jpg,0.411668,0.495837,0.092496
198.jpg,0.054990,0.403160,0.541850
199.jpg,0.060525,0.252873,0.686603
200.jpg,0.077791,0.837094,0.085114
201.jpg,0.187157,0.715988,0.096855
202.jpg,0.282094,0.563924,0.153982
203.jpg,0.044753,0.722649,0.232598
204.jpg,0.041972,0.118318,0.839711
205.jpg,0.039931,0.225138,0.734931
206.jpg,0.075240,0.809608,0.115152
207.jpg,0.029284,0.423028,0.547688
208.jpg,0.037060,0.146083,0.816857
209.jpg,0.038887,0.083926,0.877186
210.jpg,0.106832,0.377715,0.515454
211.jpg,0.428667,0.509999,0.061334
212.jpg,0.050113,0.819283,0.130604
213.jpg,0.053964,0.199278,0.746757
214.jpg,0.374813,0.468021,0.157165
215.jpg,0.225018,0.705401,0.069582
216.jpg,0.037025,0.898956,0.064019
217.jpg,0.085769,0.857239,0.056992
218.jpg,0.052512,0.831936,0.115552
219.jpg,0.055612,0.333421,0.610967
220.jpg,0.163998,0.764415,0.071586
221.jpg,0.053608,0.295932,0.650460
222.jpg,0.043702,0.436967,0.519331
223.jpg,0.039012,0.092853,0.868135
224.jpg,0.037797,0.086724,0.875479
225.jpg,0.042286,0.821395,0.136318
226.jpg,0.053651,0.284769,0.661580
227.jpg,0.037995,0.885656,0.076350
228.jpg,0.034364,0.881853,0.083782
229.jpg,0.072300,0.817879,0.109821
230.jpg,0.421039,0.358947,0.220015
231.jpg,0.954801,0.020065,0.025133
232.jpg,0.910463,0.056908,0.032629
233.jpg,0.370227,0.595252,0.034522
234.jpg,0.137032,0.179266,0.683702
235.jpg,0.037409,0.839264,0.123328
236.jpg,0.047480,0.866269,0.086252
237.jpg,0.053292,0.194787,0.751922
238.jpg,0.037847,0.119011,0.843141
239.jpg,0.027756,0.895364,0.076881
240.jpg,0.088110,0.264336,0.647555
241.jpg,0.109242,0.747734,0.143024
242.jpg,0.069557,0.716457,0.213985
243.jpg,0.581489,0.368602,0.049910
244.jpg,0.037587,0.142965,0.819447
245.jpg,0.266559,0.681631,0.051811
246.jpg,0.037627,0.812926,0.149447
247.jpg,0.240967,0.499889,0.259144
248.jpg,0.066133,0.555256,0.378612
249.jpg,0.278770,0.573194,0.148036
250.jpg,0.059779,0.808237,0.131984
251.jpg,0.036014,0.892074,0.071912
252.jpg,0.131828,0.547199,0.320973
253.jpg,0.157229,0.540009,0.302761
254.jpg,0.036408,0.086173,0.877419
255.jpg,0.025785,0.846947,0.127268
256.jpg,0.060354,0.139828,0.799817
257.jpg,0.038513,0.898641,0.062845
258.jpg,0.028738,0.633196,0.338066
259.jpg,0.043902,0.316638,0.639459
260.jpg,0.861796,0.117435,0.020768
261.jpg,0.478734,0.451775,0.069491
262.jpg,0.250232,0.701775,0.047993
263.jpg,0.055780,0.857399,0.086821
264.jpg,0.058422,0.222738,0.718840
265.jpg,0.062819,0.315709,0.621471
266.jpg,0.036974,0.103904,0.859122
267.jpg,0.283840,0.640705,0.075455
268.jpg,0.763322,0.210947,0.025731
269.jpg,0.783828,0.196651,0.019522
270.jpg,0.034851,0.081832,0.883317
271.jpg,0.202166,0.526868,0.270965
272.jpg,0.124341,0.687629,0.188030
273.jpg,0.073090,0.706870,0.220039
274.jpg,0.325023,0.625680,0.049297
275.jpg,0.060827,0.090873,0.848300
276.jpg,0.026753,0.551906,0.421341
277.jpg,0.135222,0.806067,0.058711
278.jpg,0.043934,0.676802,0.279264
279.jpg,0.028369,0.336724,0.634907
280.jpg,0.084874,0.806059,0.109067
281.jpg,0.039526,0.430852,0.529622
282.jpg,0.040826,0.888154,0.071019
283.jpg,0.035213,0.133040,0.831748
284.jpg,0.036438,0.100680,0.862883
285.jpg,0.709893,0.246231,0.043876
286.jpg,0.039475,0.827709,0.132815
287.jpg,0.034696,0.149643,0.815662
288.jpg,0.037247,0.803945,0.158808
289.jpg,0.930106,0.051165,0.018728
290.jpg,0.028701,0.888695,0.082603
291.jpg,0.447181,0.447227,0.105592
292.jpg,0.331078,0.352748,0.316174
293.jpg,0.921812,0.062786,0.015402
294.jpg,0.058942,0.856457,0.084601
295.jpg,0.069909,0.843996,0.086095
296.jpg,0.028639,0.904355,0.067005
297.jpg,0.484926,0.446146,0.068928
298.jpg,0.038271,0.259256,0.702473
299.jpg,0.114630,0.848276,0.037094
300.jpg,0.041519,0.891878,0.066603
301.jpg,0.065370,0.671907,0.262723
302.jpg,0.051707,0.589819,0.358474
303.jpg,0.206557,0.704811,0.088631
304.jpg,0.964933,0.018811,0.016256
305.jpg,0.042454,0.849276,0.108270
306.jpg,0.418280,0.430133,0.151587
307.jpg,0.036595,0.139283,0.824122
308.jpg,0.879398,0.094495,0.026107
309.jpg,0.030242,0.481652,0.488105
310.jpg,0.031516,0.607439,0.361045
311.jpg,0.037235,0.125287,0.837477
312.jpg,0.933577,0.044382,0.022041
313.jpg,0.054973,0.192138,0.752889
314.jpg,0.035542,0.901003,0.063455
315.jpg,0.134085,0.777767,0.088148
316.jpg,0.932713,0.044000,0.023288
317.jpg,0.836243,0.120603,0.043155
318.jpg,0.122536,0.837171,0.040293
319.jpg,0.025847,0.783710,0.190443
320.jpg,0.043697,0.871024,0.085280
321.jpg,0.150183,0.573108,0.276708
322.jpg,0.060078,0.573273,0.366648
323.jpg,0.044672,0.595320,0.360009
324.jpg,0.199918,0.729963,0.070119
325.jpg,0.049769,0.154774,0.795456
326.jpg,0.035393,0.110475,0.854132
327.jpg,0.051861,0.369539,0.578601
328.jpg,0.056112,0.491293,0.452596
329.jpg,0.042718,0.718276,0.239006
330.jpg,0.141533,0.773108,0.085359
331.jpg,0.885020,0.104258,0.010722
332.jpg,0.058030,0.715177,0.226793
333.jpg,0.034649,0.082988,0.882363
334.jpg,0.039051,0.090402,0.870547
335.jpg,0.036630,0.105844,0.857527
336.jpg,0.945844,0.034332,0.019824
337.jpg,0.025451,0.249096,0.725453
338.jpg,0.092543,0.833340,0.074118
339.jpg,0.035402,0.248595,0.716003
340.jpg,0.116568,0.713764,0.169668
341.jpg,0.047149,0.779136,0.173714
342.jpg,0.109304,0.691118,0.199578
343.jpg,0.040862,0.307223,0.651915
344.jpg,0.903891,0.075061,0.021048
345.jpg,0.916266,0.057768,0.025966
346.jpg,0.070020,0.782408,0.147572
347.jpg,0.108198,0.804248,0.087553
348.jpg,0.029405,0.797630,0.172965
349.jpg,0.118455,0.736592,0.144953
350.jpg,0.031812,0.555243,0.412945
351.jpg,0.039425,0.396776,0.563800
352.jpg,0.047323,0.670246,0.282431
353.jpg,0.032622,0.296561,0.670817
354.jpg,0.073877,0.875024,0.051099
355.jpg,0.955477,0.022251,0.022272
356.jpg,0.970433,0.012968,0.016599
357.jpg,0.091179,0.760170,0.148651
358.jpg,0.046814,0.883590,0.069596
359.jpg,0.039033,0.108540,0.852428
360.jpg,0.035700,0.903206,0.061094
361.jpg,0.350176,0.419016,0.230808
362.jpg,0.024294,0.755580,0.220126
363.jpg,0.156990,0.627369,0.215641
364.jpg,0.045478,0.138009,0.816514
365.jpg,0.052336,0.859091,0.088573
366.jpg,0.035751,0.200400,0.763849
367.jpg,0.871987,0.101035,0.026978
368.jpg,0.431005,0.437043,0.131951
369.jpg,0.035218,0.890759,0.074023
370.jpg,0.041777,0.856858,0.101365
371.jpg,0.896831,0.081251,0.021917
372.jpg,0.042955,0.114884,0.842161
373.jpg,0.109343,0.827866,0.062790
374.jpg,0.121946,0.698740,0.179314
375.jpg,0.042970,0.892889,0.064142
376.jpg,0.056669,0.114293,0.829037
377.jpg,0.049885,0.871771,0.078344
378.jpg,0.056787,0.616706,0.326507
379.jpg,0.054291,0.198150,0.747559
380.jpg,0.076979,0.686692,0.236328
381.jpg,0.159710,0.732031,0.108259
382.jpg,0.941017,0.036871,0.022113
383.jpg,0.102576,0.821059,0.076366
384.jpg,0.032552,0.802032,0.165415
385.jpg,0.034272,0.782965,0.182764
386.jpg,0.053669,0.121743,0.824589
387.jpg,0.024399,0.536470,0.439132
388.jpg,0.056938,0.379108,0.563955
389.jpg,0.039354,0.880761,0.079885
390.jpg,0.067084,0.869720,0.063196
391.jpg,0.028441,0.255040,0.716519
392.jpg,0.117495,0.616928,0.265578
393.jpg,0.038549,0.138979,0.822473
394.jpg,0.069698,0.776723,0.153579
395.jpg,0.313761,0.609664,0.076575
396.jpg,0.036885,0.891530,0.071585
397.jpg,0.197252,0.722750,0.079999
398.jpg,0.031563,0.154288,0.814149
399.jpg,0.438640,0.355248,0.206112
400.jpg,0.037041,0.212195,0.750764
401.jpg,0.030755,0.784807,0.184438
402.jpg,0.674603,0.304079,0.021317
403.jpg,0.381976,0.551496,0.066528
404.jpg,0.073532,0.856414,0.070054
405.jpg,0.092549,0.850549,0.056901
406.jpg,0.880937,0.092091,0.026972
407.jpg,0.034465,0.901915,0.063620
408.jpg,0.064293,0.846945,0.088762
409.jpg,0.033522,0.317325,0.649153
410.jpg,0.488478,0.369673,0.141850
411.jpg,0.066116,0.851966,0.081918
412.jpg,0.070900,0.615324,0.313776
413.jpg,0.038084,0.316251,0.645665
414.jpg,0.034238,0.184021,0.781741
415.jpg,0.878848,0.095614,0.025538
416.jpg,0.848390,0.094208,0.057401
417.jpg,0.151424,0.742832,0.105744
418.jpg,0.064339,0.193714,0.741947
419.jpg,0.644583,0.280168,0.075249
420.jpg,0.032377,0.479191,0.488433
421.jpg,0.286950,0.552685,0.160364
422.jpg,0.065887,0.285396,0.648717
423.jpg,0.062030,0.219249,0.718721
424.jpg,0.079525,0.546506,0.373969
425.jpg,0.038523,0.089569,0.871908
426.jpg,0.042461,0.326504,0.631035
427.jpg,0.027216,0.888294,0.084489
428.jpg,0.031960,0.286718,0.681322
429.jpg,0.039478,0.126966,0.833557
430.jpg,0.433341,0.531559,0.035100
431.jpg,0.959027,0.023312,0.017662
432.jpg,0.037870,0.101272,0.860859
433.jpg,0.107734,0.310667,0.581598
434.jpg,0.325090,0.568208,0.106702
435.jpg,0.039753,0.267693,0.692554
436.jpg,0.240209,0.699641,0.060150
437.jpg,0.517396,0.459386,0.023218
438.jpg,0.028239,0.907853,0.063908
439.jpg,0.032347,0.860414,0.107240
440.jpg,0.052698,0.133904,0.813399
441.jpg,0.030149,0.900948,0.068903
442.jpg,0.332025,0.586212,0.081764
443.jpg,0.107400,0.549659,0.342941
444.jpg,0.180285,0.693290,0.126426
445.jpg,0.252064,0.376640,0.371296
446.jpg,0.230728,0.520922,0.248350
447.jpg,0.159099,0.593507,0.247394
448.jpg,0.035762,0.801320,0.162919
449.jpg,0.354050,0.589363,0.056587
450.jpg,0.041624,0.175196,0.783179
451.jpg,0.056281,0.775957,0.167762
452.jpg,0.027370,0.316190,0.656440
453.jpg,0.181167,0.750245,0.068589
454.jpg,0.325558,0.609644,0.064797
455.jpg,0.215763,0.235067,0.549169
456.jpg,0.401473,0.468428,0.130099
457.jpg,0.786477,0.183567,0.029956
458.jpg,0.099441,0.807870,0.092689
459.jpg,0.096425,0.845507,0.058068
460.jpg,0.159333,0.706345,0.134322
461.jpg,0.274712,0.538099,0.187188
462.jpg,0.109495,0.673924,0.216582
463.jpg,0.145023,0.715537,0.139439
464.jpg,0.119722,0.824672,0.055606
465.jpg,0.032757,0.902402,0.064841
466.jpg,0.097888,0.830634,0.071478
467.jpg,0.946202,0.033327,0.020470
468.jpg,0.189771,0.573723,0.236506
469.jpg,0.035739,0.575531,0.388730
470.jpg,0.223242,0.696011,0.080747
471.jpg,0.062818,0.853894,0.083287
472.jpg,0.198812,0.614396,0.186793
473.jpg,0.045996,0.655173,0.298831
474.jpg,0.121149,0.528816,0.350035
475.jpg,0.083374,0.795498,0.121128
476.jpg,0.047931,0.887259,0.064810
477.jpg,0.899641,0.084727,0.015633
478.jpg,0.132129,0.736328,0.131543
479.jpg,0.096266,0.754337,0.149397
480.jpg,0.141648,0.679554,0.178798
481.jpg,0.039979,0.097423,0.862598
482.jpg,0.938351,0.033057,0.028592
483.jpg,0.529600,0.255065,0.215335
484.jpg,0.101318,0.178159,0.720523
485.jpg,0.059720,0.332434,0.607846
486.jpg,0.083597,0.447644,0.468758
487.jpg,0.683036,0.269762,0.047202
488.jpg,0.052074,0.788610,0.159316
489.jpg,0.756157,0.111346,0.132496
490.jpg,0.068318,0.759776,0.171906
491.jpg,0.029630,0.882103,0.088268
492.jpg,0.663708,0.270092,0.066200
493.jpg,0.502355,0.456069,0.041576
494.jpg,0.042421,0.709069,0.248510
495.jpg,0.084834,0.844978,0.070188
496.jpg,0.086095,0.518320,0.395585
497.jpg,0.095594,0.805264,0.099142
498.jpg,0.083798,0.739134,0.177067
499.jpg,0.038548,0.130460,0.830992
500.jpg,0.121058,0.791194,0.087748
501.jpg,0.336244,0.631039,0.032717
502.jpg,0.050018,0.161427,0.788554
503.jpg,0.047669,0.506083,0.446248
504.jpg,0.036496,0.132897,0.830607
505.jpg,0.059233,0.846756,0.094011
506.jpg,0.074398,0.721697,0.203904
507.jpg,0.246667,0.538636,0.214697
508.jpg,0.091344,0.622896,0.285760
509.jpg,0.038986,0.888009,0.073005
510.jpg,0.061687,0.205508,0.732804
511.jpg,0.048531,0.207305,0.744164
