image_name,Type_1,Type_2,Type_3
0.jpg,0.160948,0.739533,0.099519
1.jpg,0.074285,0.795277,0.130439
2.jpg,0.460940,0.494807,0.044253
3.jpg,0.053041,0.608954,0.338005
4.jpg,0.040631,0.101885,0.857484
5.jpg,0.189219,0.732541,0.078239
6.jpg,0.283778,0.662096,0.054127
7.jpg,0.041794,0.296029,0.662177
8.jpg,0.249566,0.692115,0.058318
9.jpg,0.049604,0.845198,0.105198
10.jpg,0.408306,0.527180,0.064515
11.jpg,0.037584,0.095831,0.866585
12.jpg,0.028728,0.170904,0.800368
13.jpg,0.044996,0.106958,0.848046
14.jpg,0.042694,0.644102,0.313204
15.jpg,0.059052,0.267589,0.673360
16.jpg,0.672023,0.281910,0.046066
17.jpg,0.369920,0.499949,0.130130
18.jpg,0.046474,0.885698,0.067828
19.jpg,0.063734,0.233547,0.702719
20.jpg,0.942272,0.036557,0.021170
21.jpg,0.163943,0.781857,0.054200
22.jpg,0.052517,0.875740,0.071744
23.jpg,0.526617,0.399975,0.073407
24.jpg,0.514046,0.397786,0.088168
25.jpg,0.118081,0.792836,0.089083
26.jpg,0.199105,0.751049,0.049846
27.jpg,0.036389,0.397752,0.565859
28.jpg,0.083246,0.616533,0.300221
29.jpg,0.068594,0.730041,0.201366
30.jpg,0.150869,0.764990,0.084141
31.jpg,0.332640,0.632101,0.035259
32.jpg,0.559763,0.247146,0.193092
33.jpg,0.449189,0.414378,0.136433
34.jpg,0.109092,0.701629,0.189278
35.jpg,0.029804,0.512259,0.457937
36.jpg,0.141563,0.811129,0.047308
37.jpg,0.563778,0.340797,0.095425
38.jpg,0.100005,0.638647,0.261348
39.jpg,0.107576,0.656484,0.235940
40.jpg,0.035839,0.154926,0.809235
41.jpg,0.054884,0.343742,0.601374
42.jpg,0.043745,0.860012,0.096243
43.jpg,0.037919,0.779718,0.182364
44.jpg,0.117436,0.712429,0.170135
45.jpg,0.036744,0.260077,0.703179
46.jpg,0.051724,0.167095,0.781181
47.jpg,0.668311,0.306505,0.025183
48.jpg,0.041840,0.120334,0.837826
49.jpg,0.043831,0.153528,0.802642
50.jpg,0.051435,0.276483,0.672081
51.jpg,0.964823,0.016264,0.018912
52.jpg,0.075059,0.292717,0.632224
53.jpg,0.046250,0.235690,0.718059
54.jpg,0.029716,0.238723,0.731561
55.jpg,0.308901,0.102719,0.588379
56.jpg,0.038978,0.896151,0.064871
57.jpg,0.179469,0.651013,0.169519
58.jpg,0.062703,0.444420,0.492877
59.jpg,0.868170,0.083562,0.048268
60.jpg,0.049688,0.469746,0.480566
61.jpg,0.187544,0.718937,0.093519
62.jpg,0.063888,0.238465,0.697647
63.jpg,0.047359,0.796096,0.156545
64.jpg,0.105871,0.827839,0.066290
65.jpg,0.931576,0.044194,0.024230
66.jpg,0.056608,0.131935,0.811456
67.jpg,0.040010,0.088913,0.871077
68.jpg,0.046304,0.880738,0.072958
69.jpg,0.125225,0.520760,0.354015
70.jpg,0.803184,0.183150,0.013666
71.jpg,0.132453,0.769299,0.098248
72.jpg,0.068712,0.876339,0.054948
73.jpg,0.159406,0.578752,0.261841
74.jpg,0.036185,0.512667,0.451148
75.jpg,0.115401,0.760984,0.123615
76.jpg,0.062028,0.128692,0.809279
77.jpg,0.099752,0.796688,0.103560
78.jpg,0.036602,0.084795,0.878602
79.jpg,0.800036,0.182304,0.017660
80.jpg,0.051997,0.204874,0.743130
81.jpg,0.100584,0.554011,0.345406
82.jpg,0.643278,0.312632,0.044090
83.jpg,0.032488,0.115002,0.852510
84.jpg,0.829855,0.147613,0.022532
85.jpg,0.053608,0.891109,0.055283
86.jpg,0.036651,0.085169,0.878180
87.jpg,0.047144,0.112906,0.839951
88.jpg,0.254606,0.638507,0.106887
89.jpg,0.044781,0.286564,0.668655
90.jpg,0.594610,0.334825,0.070566
91.jpg,0.415966,0.540392,0.043643
92.jpg,0.033452,0.394786,0.571762
93.jpg,0.041953,0.904549,0.053498
94.jpg,0.066894,0.799511,0.133596
95.jpg,0.049951,0.852423,0.097627
96.jpg,0.475270,0.486903,0.037827
97.jpg,0.265683,0.133199,0.601117
98.jpg,0.191683,0.764875,0.043442
99.jpg,0.085871,0.226688,0.687441
100.jpg,0.089672,0.833967,0.076361
101.jpg,0.691832,0.268922,0.039247
102.jpg,0.354790,0.533004,0.112206
103.jpg,0.212162,0.695052,0.092786
104.jpg,0.060294,0.157578,0.782128
105.jpg,0.044339,0.117644,0.838017
106.jpg,0.078588,0.803339,0.118073
107.jpg,0.053075,0.667035,0.279890
108.jpg,0.046323,0.552006,0.401671
109.jpg,0.035281,0.184912,0.779807
110.jpg,0.038094,0.897398,0.064507
111.jpg,0.080747,0.630272,0.288981
112.jpg,0.038177,0.731781,0.230042
113.jpg,0.023624,0.536369,0.440007
114.jpg,0.089493,0.254621,0.655886
115.jpg,0.050642,0.823265,0.126093
116.jpg,0.043784,0.178190,0.778026
117.jpg,0.228342,0.630794,0.140864
118.jpg,0.042937,0.139426,0.817637
119.jpg,0.476603,0.196653,0.326743
120.jpg,0.062878,0.859744,0.077379
121.jpg,0.062105,0.863039,0.074855
122.jpg,0.038150,0.149405,0.812445
123.jpg,0.594972,0.344007,0.061021
124.jpg,0.038985,0.127268,0.833747
125.jpg,0.046083,0.619140,0.334778
126.jpg,0.037219,0.897576,0.065204
127.jpg,0.083278,0.746006,0.170717
128.jpg,0.038038,0.902438,0.059524
129.jpg,0.063982,0.857580,0.078438
130.jpg,0.780749,0.196145,0.023106
131.jpg,0.038163,0.104441,0.857397
132.jpg,0.059820,0.441103,0.499076
133.jpg,0.068266,0.145003,0.786731
134.jpg,0.034717,0.898022,0.067261
135.jpg,0.067168,0.811889,0.120943
136.jpg,0.036906,0.894249,0.068845
137.jpg,0.334674,0.586148,0.079178
138.jpg,0.141283,0.569054,0.289664
139.jpg,0.042947,0.875789,0.081264
140.jpg,0.051183,0.885742,0.063075
141.jpg,0.043110,0.266303,0.690587
142.jpg,0.882302,0.089216,0.028482
143.jpg,0.040244,0.287779,0.671978
144.jpg,0.283596,0.657480,0.058925
145.jpg,0.038463,0.097969,0.863568
146.jpg,0.040018,0.905279,0.054703
147.jpg,0.048691,0.850095,0.101214
148.jpg,0.241445,0.655480,0.103075
149.jpg,0.054176,0.307969,0.637855
150.jpg,0.780099,0.175445,0.044456
151.jpg,0.042130,0.222394,0.735475
152.jpg,0.032588,0.908010,0.059402
153.jpg,0.034616,0.106463,0.858922
154.jpg,0.883611,0.080923,0.035466
155.jpg,0.102575,0.492149,0.405276
156.jpg,0.064274,0.753112,0.182614
157.jpg,0.053518,0.540566,0.405916
158.jpg,0.060650,0.223391,0.715959
159.jpg,0.128555,0.657639,0.213806
160.jpg,0.124951,0.793802,0.081246
161.jpg,0.075211,0.622831,0.301958
162.jpg,0.051298,0.379379,0.569322
163.jpg,0.057737,0.655033,0.287230
164.jpg,0.066346,0.676648,0.257006
165.jpg,0.890023,0.081723,0.028254
166.jpg,0.143720,0.445468,0.410811
167.jpg,0.039747,0.237851,0.722402
168.jpg,0.082646,0.724935,0.192419
169.jpg,0.053187,0.864971,0.081841
170.jpg,0.066446,0.857867,0.075687
171.jpg,0.081512,0.287058,0.631430
172.jpg,0.042834,0.342272,0.614894
173.jpg,0.087771,0.304733,0.607495
174.jpg,0.519470,0.326241,0.154290
175.jpg,0.043475,0.562724,0.393801
176.jpg,0.060441,0.741982,0.197577
177.jpg,0.061253,0.860830,0.077918
178.jpg,0.045508,0.140418,0.814075
179.jpg,0.382657,0.555383,0.061960
180.jpg,0.076517,0.367616,0.555867
181.jpg,0.092468,0.416074,0.491457
182.jpg,0.037636,0.108124,0.854240
183.jpg,0.214096,0.692724,0.093180
184.jpg,0.041289,0.154818,0.803892
185.jpg,0.056561,0.432383,0.511057
186.jpg,0.037610,0.896842,0.065548
187.jpg,0.152877,0.527169,0.319954
188.jpg,0.059524,0.148430,0.792046
189.jpg,0.067152,0.325597,0.607252
190.jpg,0.041944,0.896872,0.061184
191.jpg,0.035324,0.131655,0.833021
192.jpg,0.098966,0.334109,0.566925
193.jpg,0.843014,0.109389,0.047597
194.jpg,0.054317,0.527217,0.418467
195.jpg,0.089718,0.782646,0.127636
196.jpg,0.810940,0.129973,0.059087
197.jpg,0.358627,0.517173,0.124200
198.jpg,0.042605,0.329411,0.627984
199.jpg,0.079363,0.305444,0.615193
200.jpg,0.090006,0.811496,0.098498
201.jpg,0.173526,0.728083,0.098392
202.jpg,0.324347,0.553853,0.121799
203.jpg,0.040333,0.759224,0.200442
204.jpg,0.038134,0.111930,0.849937
205.jpg,0.041198,0.180487,0.778315
206.jpg,0.090315,0.822553,0.087132
207.jpg,0.040095,0.431476,0.528429
208.jpg,0.033678,0.137522,0.828800
209.jpg,0.038476,0.087822,0.873702
210.jpg,0.086911,0.322392,0.590697
211.jpg,0.345579,0.597391,0.057030
212.jpg,0.051920,0.794909,0.153171
213.jpg,0.045520,0.165155,0.789325
214.jpg,0.330424,0.539366,0.130211
215.jpg,0.216387,0.687982,0.095631
216.jpg,0.041062,0.900235,0.058703
217.jpg,0.114455,0.815227,0.070318
218.jpg,0.054582,0.864787,0.080632
219.jpg,0.073641,0.449250,0.477109
220.jpg,0.131480,0.805530,0.062991
221.jpg,0.049998,0.242985,0.707017
222.jpg,0.039118,0.373995,0.586888
223.jpg,0.035810,0.092612,0.871579
224.jpg,0.037110,0.086802,0.876088
225.jpg,0.046061,0.774006,0.179933
226.jpg,0.054981,0.373161,0.571858
227.jpg,0.048138,0.887196,0.064666
228.jpg,0.040520,0.880994,0.078485
229.jpg,0.092381,0.773823,0.133796
230.jpg,0.383538,0.381691,0.234771
231.jpg,0.929601,0.036653,0.033746
232.jpg,0.889386,0.078620,0.031995
233.jpg,0.327502,0.623399,0.049099
234.jpg,0.188818,0.194885,0.616297
235.jpg,0.045007,0.815149,0.139844
236.jpg,0.048588,0.865489,0.085923
237.jpg,0.065706,0.237807,0.696488
238.jpg,0.038204,0.119465,0.842331
239.jpg,0.036161,0.898733,0.065106
240.jpg,0.086368,0.246401,0.667231
241.jpg,0.142311,0.717644,0.140045
242.jpg,0.053621,0.742843,0.203537
243.jpg,0.563080,0.377510,0.059411
244.jpg,0.037938,0.170997,0.791065
245.jpg,0.320500,0.634124,0.045376
246.jpg,0.046810,0.846205,0.106985
247.jpg,0.236771,0.462050,0.301179
248.jpg,0.079760,0.545997,0.374244
249.jpg,0.276393,0.587232,0.136375
250.jpg,0.064529,0.800397,0.135075
251.jpg,0.044651,0.890027,0.065322
252.jpg,0.129962,0.548640,0.321398
253.jpg,0.157976,0.539242,0.302781
254.jpg,0.037055,0.086449,0.876496
255.jpg,0.034480,0.839767,0.125753
256.jpg,0.047493,0.142282,0.810224
257.jpg,0.040334,0.900884,0.058782
258.jpg,0.051498,0.641622,0.306880
259.jpg,0.044729,0.371011,0.584260
260.jpg,0.839830,0.140035,0.020135
261.jpg,0.560063,0.339054,0.100883
262.jpg,0.388900,0.581128,0.029972
263.jpg,0.055136,0.867650,0.077214
264.jpg,0.052803,0.186059,0.761138
265.jpg,0.078339,0.365881,0.555780
266.jpg,0.036417,0.105455,0.858128
267.jpg,0.333041,0.592847,0.074111
268.jpg,0.747093,0.215772,0.037135
269.jpg,0.690020,0.278273,0.031707
270.jpg,0.036000,0.089276,0.874724
271.jpg,0.177923,0.608340,0.213737
272.jpg,0.116557,0.681592,0.201851
273.jpg,0.069019,0.645921,0.285060
274.jpg,0.320904,0.636271,0.042825
275.jpg,0.063363,0.111090,0.825547
276.jpg,0.029232,0.478914,0.491854
277.jpg,0.247534,0.690354,0.062112
278.jpg,0.059473,0.746890,0.193637
279.jpg,0.028386,0.276392,0.695222
280.jpg,0.098544,0.789166,0.112289
281.jpg,0.053073,0.375364,0.571563
282.jpg,0.045852,0.892057,0.062092
283.jpg,0.036848,0.151647,0.811505
284.jpg,0.037229,0.114224,0.848547
285.jpg,0.641633,0.313532,0.044834
286.jpg,0.046206,0.812108,0.141687
287.jpg,0.040579,0.134426,0.824995
288.jpg,0.037270,0.862259,0.100472
289.jpg,0.925078,0.056346,0.018576
290.jpg,0.035556,0.882289,0.082155
291.jpg,0.480081,0.423540,0.096379
292.jpg,0.401513,0.352503,0.245984
293.jpg,0.916041,0.068871,0.015088
294.jpg,0.051512,0.863756,0.084732
295.jpg,0.055378,0.856013,0.088610
296.jpg,0.035248,0.899225,0.065526
297.jpg,0.413608,0.532600,0.053792
298.jpg,0.034179,0.231676,0.734144
299.jpg,0.124716,0.829024,0.046260
300.jpg,0.045711,0.874824,0.079465
301.jpg,0.086485,0.649190,0.264325
302.jpg,0.055969,0.552001,0.392029
303.jpg,0.227468,0.664969,0.107563
304.jpg,0.958411,0.022384,0.019205
305.jpg,0.045314,0.844952,0.109734
306.jpg,0.398053,0.501808,0.100140
307.jpg,0.036899,0.162102,0.800999
308.jpg,0.876838,0.100259,0.022903
309.jpg,0.038015,0.474614,0.487371
310.jpg,0.037786,0.616250,0.345963
311.jpg,0.038491,0.112702,0.848806
312.jpg,0.925143,0.055922,0.018934
313.jpg,0.043432,0.192211,0.764357
314.jpg,0.042874,0.899667,0.057459
315.jpg,0.132103,0.783779,0.084117
316.jpg,0.899097,0.075637,0.025265
317.jpg,0.813140,0.111768,0.075092
318.jpg,0.078833,0.881043,0.040123
319.jpg,0.029496,0.785253,0.185251
320.jpg,0.076684,0.850057,0.073259
321.jpg,0.167234,0.503773,0.328993
322.jpg,0.080862,0.541412,0.377726
323.jpg,0.047319,0.615486,0.337195
324.jpg,0.157070,0.771151,0.071779
325.jpg,0.041234,0.128781,0.829986
326.jpg,0.035086,0.095710,0.869204
327.jpg,0.051961,0.364706,0.583333
328.jpg,0.078841,0.439574,0.481585
329.jpg,0.039883,0.705362,0.254755
330.jpg,0.129392,0.780419,0.090189
331.jpg,0.794121,0.191901,0.013978
332.jpg,0.059376,0.624442,0.316182
333.jpg,0.032952,0.089574,0.877475
334.jpg,0.039079,0.098516,0.862405
335.jpg,0.037682,0.109549,0.852769
336.jpg,0.935758,0.044555,0.019688
337.jpg,0.028904,0.218381,0.752715
338.jpg,0.117475,0.810461,0.072064
339.jpg,0.034515,0.225640,0.739845
340.jpg,0.097989,0.751768,0.150243
341.jpg,0.052109,0.766859,0.181032
342.jpg,0.123984,0.640598,0.235418
343.jpg,0.038180,0.317790,0.644030
344.jpg,0.921172,0.060461,0.018368
345.jpg,0.923725,0.055527,0.020748
346.jpg,0.064460,0.771427,0.164113
347.jpg,0.114201,0.813087,0.072713
348.jpg,0.048461,0.827769,0.123771
349.jpg,0.113622,0.756524,0.129854
350.jpg,0.031340,0.593784,0.374877
351.jpg,0.055954,0.430416,0.513629
352.jpg,0.041372,0.746995,0.211634
353.jpg,0.029955,0.212308,0.757738
354.jpg,0.127249,0.821282,0.051469
355.jpg,0.949872,0.025740,0.024388
356.jpg,0.964199,0.016167,0.019634
357.jpg,0.078310,0.767732,0.153958
358.jpg,0.056266,0.884817,0.058917
359.jpg,0.039011,0.110037,0.850953
360.jpg,0.039042,0.900443,0.060515
361.jpg,0.350646,0.485059,0.164295
362.jpg,0.030163,0.747146,0.222691
363.jpg,0.114026,0.738350,0.147624
364.jpg,0.055477,0.134409,0.810114
365.jpg,0.054770,0.867461,0.077769
366.jpg,0.041627,0.182092,0.776282
367.jpg,0.886524,0.083133,0.030343
368.jpg,0.396401,0.465473,0.138126
369.jpg,0.042215,0.883504,0.074281
370.jpg,0.044208,0.848119,0.107673
371.jpg,0.891969,0.089785,0.018245
372.jpg,0.045652,0.106655,0.847693
373.jpg,0.094300,0.844290,0.061410
374.jpg,0.128121,0.721779,0.150100
375.jpg,0.044440,0.896342,0.059217
376.jpg,0.046475,0.114835,0.838690
377.jpg,0.059546,0.844347,0.096107
378.jpg,0.045142,0.586033,0.368826
379.jpg,0.070153,0.212472,0.717375
380.jpg,0.056127,0.717531,0.226342
381.jpg,0.144085,0.739258,0.116657
382.jpg,0.939046,0.034426,0.026528
383.jpg,0.099772,0.790462,0.109766
384.jpg,0.033864,0.823294,0.142842
385.jpg,0.046587,0.792927,0.160486
386.jpg,0.049814,0.122209,0.827977
387.jpg,0.031586,0.539556,0.428858
388.jpg,0.061625,0.400058,0.538317
389.jpg,0.043973,0.882486,0.073541
390.jpg,0.060334,0.873529,0.066138
391.jpg,0.025382,0.193086,0.781532
392.jpg,0.141413,0.634642,0.223945
393.jpg,0.031807,0.152518,0.815675
394.jpg,0.076128,0.795923,0.127949
395.jpg,0.270024,0.635588,0.094388
396.jpg,0.043834,0.894323,0.061843
397.jpg,0.154923,0.766844,0.078234
398.jpg,0.038252,0.168755,0.792993
399.jpg,0.327826,0.446643,0.225531
400.jpg,0.032204,0.227365,0.740431
401.jpg,0.029364,0.791411,0.179224
402.jpg,0.656264,0.294211,0.049525
403.jpg,0.406314,0.454758,0.138928
404.jpg,0.099419,0.836075,0.064506
405.jpg,0.099413,0.842680,0.057907
406.jpg,0.874751,0.089254,0.035994
407.jpg,0.040921,0.900405,0.058673
408.jpg,0.109720,0.777416,0.112864
409.jpg,0.045372,0.269029,0.685599
410.jpg,0.417193,0.442877,0.139931
411.jpg,0.076799,0.855978,0.067222
412.jpg,0.071610,0.707131,0.221259
413.jpg,0.034812,0.354572,0.610616
414.jpg,0.030238,0.215410,0.754353
415.jpg,0.886948,0.088014,0.025038
416.jpg,0.871481,0.082492,0.046027
417.jpg,0.139630,0.779653,0.080717
418.jpg,0.052851,0.169108,0.778041
419.jpg,0.653018,0.254014,0.092969
420.jpg,0.033975,0.448137,0.517888
421.jpg,0.274427,0.564419,0.161155
422.jpg,0.056853,0.238705,0.704442
423.jpg,0.056301,0.222435,0.721264
424.jpg,0.073055,0.572235,0.354709
425.jpg,0.040712,0.090007,0.869282
426.jpg,0.045356,0.376247,0.578397
427.jpg,0.034215,0.879182,0.086603
428.jpg,0.037305,0.258614,0.704081
429.jpg,0.043626,0.134484,0.821889
430.jpg,0.388564,0.557820,0.053617
431.jpg,0.954620,0.023988,0.021392
432.jpg,0.037752,0.094411,0.867837
433.jpg,0.101071,0.333850,0.565079
434.jpg,0.410805,0.486653,0.102542
435.jpg,0.034180,0.273620,0.692201
436.jpg,0.292065,0.659745,0.048190
437.jpg,0.461435,0.491102,0.047463
438.jpg,0.034402,0.902272,0.063326
439.jpg,0.043757,0.812778,0.143465
440.jpg,0.044260,0.125282,0.830458
441.jpg,0.046213,0.869798,0.083989
442.jpg,0.355997,0.546792,0.097211
443.jpg,0.122932,0.524383,0.352685
444.jpg,0.152660,0.653132,0.194209
445.jpg,0.364462,0.263554,0.371984
446.jpg,0.168168,0.437016,0.394815
447.jpg,0.130851,0.688832,0.180317
448.jpg,0.044849,0.813511,0.141641
449.jpg,0.333386,0.609477,0.057136
450.jpg,0.037289,0.167806,0.794906
451.jpg,0.061744,0.768710,0.169546
452.jpg,0.027613,0.245433,0.726954
453.jpg,0.323452,0.577043,0.099505
454.jpg,0.388801,0.528841,0.082358
455.jpg,0.205642,0.211061,0.583297
456.jpg,0.420024,0.441157,0.138819
457.jpg,0.760384,0.212352,0.027264
458.jpg,0.114455,0.781337,0.104208
459.jpg,0.098777,0.863220,0.038003
460.jpg,0.132244,0.740200,0.127556
461.jpg,0.183018,0.623586,0.193395
462.jpg,0.096547,0.565234,0.338219
463.jpg,0.128271,0.668315,0.203414
464.jpg,0.109664,0.834284,0.056052
465.jpg,0.037616,0.903098,0.059286
466.jpg,0.085279,0.833687,0.081033
467.jpg,0.935197,0.036238,0.028565
468.jpg,0.182316,0.550424,0.267260
469.jpg,0.037022,0.665708,0.297270
470.jpg,0.331873,0.592916,0.075211
471.jpg,0.064306,0.870964,0.064730
472.jpg,0.310538,0.475875,0.213587
473.jpg,0.050063,0.638553,0.311384
474.jpg,0.150187,0.463596,0.386217
475.jpg,0.089219,0.767191,0.143591
476.jpg,0.070588,0.853080,0.076332
477.jpg,0.922272,0.054776,0.022953
478.jpg,0.124547,0.785319,0.090133
479.jpg,0.110134,0.722170,0.167696
480.jpg,0.138672,0.703196,0.158133
481.jpg,0.037365,0.108054,0.854580
482.jpg,0.942061,0.034114,0.023825
483.jpg,0.571417,0.248604,0.179980
484.jpg,0.094679,0.208034,0.697287
485.jpg,0.065499,0.357758,0.576744
486.jpg,0.066515,0.447238,0.486247
487.jpg,0.597884,0.364010,0.038106
488.jpg,0.061601,0.810391,0.128008
489.jpg,0.649930,0.175046,0.175024
490.jpg,0.060841,0.745856,0.193302
491.jpg,0.037189,0.828565,0.134246
492.jpg,0.724860,0.202632,0.072508
493.jpg,0.510135,0.402973,0.086891
494.jpg,0.047230,0.766278,0.186491
495.jpg,0.108359,0.819503,0.072138
496.jpg,0.106807,0.449453,0.443740
497.jpg,0.102385,0.833778,0.063836
498.jpg,0.069695,0.674469,0.255837
499.jpg,0.039929,0.110961,0.849110
500.jpg,0.117869,0.778346,0.103785
501.jpg,0.342444,0.596656,0.060901
502.jpg,0.047108,0.161622,0.791270
503.jpg,0.076011,0.493879,0.430109
504.jpg,0.036531,0.125706,0.837763
505.jpg,0.073351,0.835727,0.090921
506.jpg,0.082497,0.749821,0.167682
507.jpg,0.303965,0.498016,0.198019
508.jpg,0.115142,0.675274,0.209584
509.jpg,0.044121,0.890769,0.065110
510.jpg,0.048866,0.330247,0.620887
511.jpg,0.040344,0.190344,0.769312
10000.jpg,0.138844,0.778717,0.082440
10001.jpg,0.193188,0.514104,0.292708
10002.jpg,0.047387,0.581206,0.371407
10003.jpg,0.932173,0.032720,0.035106
10004.jpg,0.035077,0.904942,0.059981
10005.jpg,0.140914,0.749882,0.109204
10006.jpg,0.094180,0.594796,0.311024
10007.jpg,0.653268,0.317913,0.028818
10008.jpg,0.051445,0.826275,0.122280
10009.jpg,0.161023,0.750256,0.088722
10010.jpg,0.045684,0.106032,0.848285
10011.jpg,0.134689,0.158332,0.706978
10012.jpg,0.084885,0.748034,0.167082
10013.jpg,0.081528,0.347885,0.570587
10014.jpg,0.068675,0.828320,0.103006
10015.jpg,0.055456,0.359435,0.585109
10016.jpg,0.151396,0.696785,0.151820
10017.jpg,0.070987,0.423224,0.505789
10018.jpg,0.119011,0.246853,0.634136
10019.jpg,0.063281,0.874076,0.062642
10020.jpg,0.042064,0.696437,0.261500
10021.jpg,0.095952,0.532733,0.371315
10022.jpg,0.131762,0.600320,0.267919
10023.jpg,0.236645,0.470995,0.292360
10024.jpg,0.035292,0.173706,0.791001
10025.jpg,0.091195,0.845660,0.063145
10026.jpg,0.192553,0.427630,0.379817
10027.jpg,0.064566,0.753959,0.181475
10028.jpg,0.055828,0.603975,0.340197
10029.jpg,0.847373,0.121326,0.031301
10030.jpg,0.050739,0.222203,0.727058
10031.jpg,0.060742,0.233675,0.705583
10032.jpg,0.056472,0.735373,0.208155
10033.jpg,0.145691,0.742458,0.111850
10034.jpg,0.103402,0.768767,0.127831
10035.jpg,0.054267,0.446377,0.499356
10036.jpg,0.355502,0.549180,0.095317
10037.jpg,0.207870,0.640616,0.151514
10038.jpg,0.031982,0.902410,0.065609
10039.jpg,0.930035,0.033356,0.036609
10040.jpg,0.119994,0.211925,0.668082
10041.jpg,0.138395,0.779533,0.082073
10042.jpg,0.038146,0.305818,0.656036
10043.jpg,0.064278,0.834544,0.101178
10044.jpg,0.056041,0.447352,0.496607
10045.jpg,0.453955,0.465390,0.080655
10046.jpg,0.743360,0.230426,0.026214
10047.jpg,0.352741,0.595631,0.051629
10048.jpg,0.118320,0.696637,0.185043
10049.jpg,0.039532,0.579330,0.381137
10050.jpg,0.055686,0.840141,0.104173
10051.jpg,0.063316,0.704309,0.232374
10052.jpg,0.042942,0.389800,0.567258
10053.jpg,0.112308,0.289237,0.598455
10054.jpg,0.051118,0.775820,0.173061
10055.jpg,0.421419,0.138951,0.439631
10056.jpg,0.045327,0.880673,0.074000
10057.jpg,0.072685,0.790203,0.137112
10058.jpg,0.770227,0.197869,0.031904
10059.jpg,0.056045,0.249656,0.694299
10060.jpg,0.220082,0.697071,0.082847
10061.jpg,0.197727,0.655271,0.147002
10062.jpg,0.260809,0.203024,0.536167
10063.jpg,0.085104,0.850209,0.064687
10064.jpg,0.062861,0.891474,0.045665
10065.jpg,0.107868,0.441494,0.450638
10066.jpg,0.042382,0.114642,0.842977
10067.jpg,0.727828,0.216095,0.056076
10068.jpg,0.032733,0.843892,0.123374
10069.jpg,0.878472,0.074036,0.047492
10070.jpg,0.105601,0.825409,0.068990
10071.jpg,0.037631,0.890722,0.071648
10072.jpg,0.045519,0.150238,0.804244
10073.jpg,0.071075,0.849605,0.079320
10074.jpg,0.109605,0.759324,0.131072
10075.jpg,0.308564,0.646826,0.044610
10076.jpg,0.035206,0.153652,0.811141
10077.jpg,0.040764,0.358376,0.600860
10078.jpg,0.629646,0.324712,0.045642
10079.jpg,0.031251,0.112567,0.856183
10080.jpg,0.052767,0.250980,0.696253
10081.jpg,0.643180,0.311908,0.044912
10082.jpg,0.283154,0.535028,0.181819
10083.jpg,0.038388,0.102909,0.858702
10084.jpg,0.328727,0.386686,0.284586
10085.jpg,0.079854,0.865225,0.054921
10086.jpg,0.063044,0.785843,0.151113
10087.jpg,0.039930,0.883627,0.076443
10088.jpg,0.045314,0.242150,0.712536
10089.jpg,0.033861,0.721360,0.244779
10090.jpg,0.518313,0.387019,0.094667
10091.jpg,0.064700,0.721415,0.213885
10092.jpg,0.151952,0.549243,0.298806
10093.jpg,0.051755,0.778087,0.170158
10094.jpg,0.091984,0.425587,0.482429
10095.jpg,0.192039,0.174237,0.633725
10096.jpg,0.834416,0.141352,0.024233
10097.jpg,0.097381,0.736619,0.166000
10098.jpg,0.108764,0.812703,0.078533
10099.jpg,0.096246,0.778232,0.125522
10100.jpg,0.043520,0.277482,0.678997
10101.jpg,0.219114,0.710937,0.069949
10102.jpg,0.062324,0.674822,0.262854
10103.jpg,0.034943,0.085014,0.880043
10104.jpg,0.050271,0.432187,0.517542
10105.jpg,0.038835,0.258086,0.703079
10106.jpg,0.046739,0.116249,0.837012
10107.jpg,0.102725,0.375546,0.521730
10108.jpg,0.101116,0.824988,0.073896
10109.jpg,0.041297,0.429669,0.529034
10110.jpg,0.036624,0.232357,0.731019
10111.jpg,0.163504,0.785930,0.050566
10112.jpg,0.062428,0.192629,0.744942
10113.jpg,0.042996,0.402518,0.554486
10114.jpg,0.169191,0.733391,0.097418
10115.jpg,0.046674,0.143234,0.810091
10116.jpg,0.225459,0.671464,0.103077
10117.jpg,0.809444,0.154096,0.036460
10118.jpg,0.063451,0.864010,0.072539
10119.jpg,0.779716,0.128068,0.092216
10120.jpg,0.369329,0.544401,0.086271
10121.jpg,0.066418,0.311013,0.622569
10122.jpg,0.070558,0.865958,0.063484
10123.jpg,0.643148,0.320921,0.035931
10124.jpg,0.105767,0.838567,0.055666
10125.jpg,0.053223,0.313877,0.632901
10126.jpg,0.050180,0.888136,0.061685
10127.jpg,0.135978,0.282740,0.581282
10128.jpg,0.026461,0.741775,0.231764
10129.jpg,0.066805,0.722620,0.210575
10130.jpg,0.085864,0.776249,0.137887
10131.jpg,0.048854,0.872517,0.078629
10132.jpg,0.467047,0.476404,0.056550
10133.jpg,0.159223,0.743688,0.097089
10134.jpg,0.044253,0.178977,0.776771
10135.jpg,0.100335,0.434753,0.464912
10136.jpg,0.756350,0.201920,0.041730
10137.jpg,0.639684,0.176299,0.184017
10138.jpg,0.084329,0.858024,0.057648
10139.jpg,0.050972,0.374392,0.574636
10140.jpg,0.204314,0.560723,0.234963
10141.jpg,0.315719,0.631666,0.052615
10142.jpg,0.038775,0.875097,0.086128
10143.jpg,0.104803,0.325368,0.569829
10144.jpg,0.079547,0.837320,0.083132
10145.jpg,0.090440,0.367065,0.542495
10146.jpg,0.279227,0.563023,0.157750
10147.jpg,0.038544,0.877169,0.084287
10148.jpg,0.078498,0.274892,0.646610
10149.jpg,0.048824,0.570705,0.380471
10150.jpg,0.101680,0.820504,0.077817
10151.jpg,0.059899,0.530434,0.409667
10152.jpg,0.031626,0.433303,0.535071
10153.jpg,0.061273,0.490180,0.448547
10154.jpg,0.950319,0.026384,0.023297
10155.jpg,0.060067,0.844924,0.095009
10156.jpg,0.210906,0.682550,0.106545
10157.jpg,0.674382,0.294227,0.031392
10158.jpg,0.094105,0.806385,0.099509
10159.jpg,0.949757,0.025036,0.025207
10160.jpg,0.046078,0.849292,0.104629
10161.jpg,0.039734,0.110910,0.849356
10162.jpg,0.949030,0.023140,0.027830
10163.jpg,0.052140,0.725555,0.222306
10164.jpg,0.064442,0.174988,0.760570
10165.jpg,0.035210,0.099036,0.865754
10166.jpg,0.319771,0.432304,0.247926
10167.jpg,0.043782,0.785986,0.170232
10168.jpg,0.059941,0.764063,0.175996
10169.jpg,0.767097,0.188683,0.044221
10170.jpg,0.032822,0.122622,0.844556
10171.jpg,0.682534,0.226936,0.090530
10172.jpg,0.077602,0.252399,0.669999
10173.jpg,0.312306,0.345678,0.342016
10174.jpg,0.046550,0.153460,0.799991
10175.jpg,0.233731,0.381863,0.384406
10176.jpg,0.115240,0.672368,0.212393
10177.jpg,0.044568,0.867144,0.088288
10178.jpg,0.105550,0.739606,0.154844
10179.jpg,0.037022,0.111315,0.851663
10180.jpg,0.473095,0.381304,0.145601
10181.jpg,0.080758,0.224200,0.695041
10182.jpg,0.295655,0.657716,0.046629
10183.jpg,0.052983,0.125573,0.821445
10184.jpg,0.186643,0.723567,0.089790
10185.jpg,0.057425,0.348437,0.594138
10186.jpg,0.677092,0.296621,0.026287
10187.jpg,0.037976,0.159796,0.802229
10188.jpg,0.048169,0.272174,0.679657
10189.jpg,0.047590,0.384279,0.568130
10190.jpg,0.383112,0.525918,0.090970
10191.jpg,0.786266,0.188509,0.025225
10192.jpg,0.036517,0.833936,0.129548
10193.jpg,0.924133,0.046228,0.029639
10194.jpg,0.076052,0.805823,0.118125
10195.jpg,0.054518,0.154272,0.791211
10196.jpg,0.120600,0.761359,0.118040
10197.jpg,0.145946,0.656001,0.198053
10198.jpg,0.332958,0.598784,0.068259
10199.jpg,0.223538,0.704122,0.072340
10200.jpg,0.075512,0.803432,0.121056
10201.jpg,0.037242,0.885943,0.076815
10202.jpg,0.047034,0.207212,0.745753
10203.jpg,0.061727,0.462078,0.476195
10204.jpg,0.075282,0.808210,0.116507
10205.jpg,0.799870,0.142985,0.057146
10206.jpg,0.207029,0.717846,0.075125
10207.jpg,0.094745,0.853014,0.052242
10208.jpg,0.049869,0.804948,0.145183
10209.jpg,0.070127,0.772383,0.157491
10210.jpg,0.048211,0.349328,0.602461
10211.jpg,0.034556,0.906768,0.058676
10212.jpg,0.071011,0.820645,0.108344
10213.jpg,0.221467,0.673101,0.105432
10214.jpg,0.046795,0.895557,0.057649
10215.jpg,0.067106,0.265502,0.667392
10216.jpg,0.109682,0.784344,0.105974
10217.jpg,0.064872,0.870777,0.064350
10218.jpg,0.038409,0.900060,0.061531
10219.jpg,0.937953,0.033844,0.028203
10220.jpg,0.044302,0.275057,0.680642
10221.jpg,0.660139,0.290212,0.049649
10222.jpg,0.115367,0.100009,0.784624
10223.jpg,0.068843,0.253706,0.677450
10224.jpg,0.057712,0.415564,0.526723
10225.jpg,0.106689,0.417875,0.475436
10226.jpg,0.034823,0.087712,0.877465
10227.jpg,0.059875,0.193943,0.746182
10228.jpg,0.108438,0.812059,0.079502
10229.jpg,0.109697,0.735588,0.154716
10230.jpg,0.064810,0.815126,0.120063
10231.jpg,0.069141,0.663750,0.267108
10232.jpg,0.099317,0.410602,0.490081
10233.jpg,0.907769,0.063754,0.028477
10234.jpg,0.082493,0.728816,0.188691
10235.jpg,0.079710,0.799851,0.120439
10236.jpg,0.034504,0.133731,0.831765
10237.jpg,0.048987,0.207992,0.743021
10238.jpg,0.102820,0.837337,0.059843
10239.jpg,0.104971,0.800600,0.094429
10240.jpg,0.036697,0.290958,0.672345
10241.jpg,0.090843,0.671287,0.237871
10242.jpg,0.085497,0.795920,0.118583
10243.jpg,0.817768,0.142648,0.039584
10244.jpg,0.035480,0.234561,0.729959
10245.jpg,0.093136,0.364174,0.542691
10246.jpg,0.045627,0.685168,0.269205
10247.jpg,0.885259,0.091277,0.023465
10248.jpg,0.069598,0.436005,0.494397
10249.jpg,0.136727,0.673996,0.189277
10250.jpg,0.046897,0.421489,0.531614
10251.jpg,0.396849,0.460231,0.142920
10252.jpg,0.105126,0.429500,0.465374
10253.jpg,0.482782,0.417297,0.099921
10254.jpg,0.045111,0.334748,0.620141
10255.jpg,0.047682,0.877863,0.074455
10256.jpg,0.050165,0.802140,0.147696
10257.jpg,0.044357,0.223737,0.731905
10258.jpg,0.089587,0.726385,0.184028
10259.jpg,0.064533,0.208666,0.726801
10260.jpg,0.042419,0.174171,0.783409
10261.jpg,0.307618,0.437365,0.255017
10262.jpg,0.064243,0.871807,0.063949
10263.jpg,0.298552,0.555342,0.146106
10264.jpg,0.056576,0.876850,0.066574
10265.jpg,0.069677,0.349865,0.580456
10266.jpg,0.035534,0.900527,0.063938
10267.jpg,0.059681,0.831670,0.108649
10268.jpg,0.242926,0.665056,0.092017
10269.jpg,0.228891,0.700358,0.070751
10270.jpg,0.934702,0.048701,0.016597
10271.jpg,0.115430,0.822485,0.062086
10272.jpg,0.046421,0.847801,0.105779
10273.jpg,0.039068,0.865361,0.095570
10274.jpg,0.907026,0.050545,0.042429
10275.jpg,0.837344,0.135727,0.026929
10276.jpg,0.060118,0.861860,0.078023
10277.jpg,0.083882,0.593131,0.322986
10278.jpg,0.431880,0.469606,0.098515
10279.jpg,0.096164,0.323837,0.579999
10280.jpg,0.276440,0.607735,0.115825
10281.jpg,0.639006,0.318244,0.042751
10282.jpg,0.084731,0.228883,0.686385
10283.jpg,0.252199,0.684935,0.062866
10284.jpg,0.238514,0.204359,0.557127
10285.jpg,0.040522,0.136380,0.823099
10286.jpg,0.070996,0.364339,0.564665
10287.jpg,0.060381,0.857115,0.082504
10288.jpg,0.063194,0.645647,0.291158
10289.jpg,0.046277,0.209817,0.743907
10290.jpg,0.098766,0.513924,0.387310
10291.jpg,0.042306,0.888242,0.069452
10292.jpg,0.076461,0.424178,0.499361
10293.jpg,0.668705,0.275929,0.055365
10294.jpg,0.330191,0.463533,0.206276
10295.jpg,0.070790,0.810697,0.118513
10296.jpg,0.089439,0.758936,0.151625
10297.jpg,0.803374,0.121847,0.074778
10298.jpg,0.610449,0.318722,0.070829
10299.jpg,0.048733,0.866606,0.084660
10300.jpg,0.237447,0.639832,0.122721
10301.jpg,0.217114,0.348280,0.434606
10302.jpg,0.045911,0.109875,0.844214
10303.jpg,0.059995,0.392022,0.547983
10304.jpg,0.082460,0.333285,0.584255
10305.jpg,0.677999,0.290353,0.031649
10306.jpg,0.120725,0.781769,0.097506
10307.jpg,0.795740,0.145951,0.058308
10308.jpg,0.035505,0.125047,0.839448
10309.jpg,0.081254,0.551240,0.367506
10310.jpg,0.084519,0.210779,0.704703
10311.jpg,0.056969,0.461606,0.481425
10312.jpg,0.056481,0.867179,0.076340
10313.jpg,0.043823,0.318780,0.637397
10314.jpg,0.064532,0.871017,0.064450
10315.jpg,0.087342,0.483957,0.428702
10316.jpg,0.036201,0.451285,0.512514
10317.jpg,0.043009,0.897020,0.059971
10318.jpg,0.258523,0.240673,0.500804
10319.jpg,0.047415,0.889707,0.062878
10320.jpg,0.065732,0.784851,0.149417
10321.jpg,0.117142,0.320397,0.562461
10322.jpg,0.032666,0.149764,0.817570
10323.jpg,0.030412,0.270962,0.698626
10324.jpg,0.046365,0.847861,0.105773
10325.jpg,0.120075,0.198408,0.681517
10326.jpg,0.026668,0.272879,0.700453
10327.jpg,0.180272,0.625656,0.194072
10328.jpg,0.042918,0.868877,0.088205
10329.jpg,0.066207,0.856258,0.077535
10330.jpg,0.031892,0.212431,0.755677
10331.jpg,0.077985,0.873542,0.048474
10332.jpg,0.047818,0.120265,0.831916
10333.jpg,0.038290,0.095760,0.865949
10334.jpg,0.085998,0.734060,0.179942
10335.jpg,0.070873,0.430445,0.498682
10336.jpg,0.676341,0.231165,0.092494
10337.jpg,0.093577,0.812025,0.094398
10338.jpg,0.161099,0.696176,0.142725
10339.jpg,0.498337,0.365249,0.136414
10340.jpg,0.933968,0.048334,0.017698
10341.jpg,0.494858,0.468497,0.036644
10342.jpg,0.064042,0.388600,0.547359
10343.jpg,0.622648,0.280776,0.096577
10344.jpg,0.038374,0.202550,0.759075
10345.jpg,0.054359,0.147415,0.798226
10346.jpg,0.056420,0.611440,0.332141
10347.jpg,0.040605,0.875260,0.084136
10348.jpg,0.036987,0.152287,0.810726
10349.jpg,0.075446,0.879788,0.044766
10350.jpg,0.049372,0.284673,0.665955
10351.jpg,0.049389,0.616037,0.334575
10352.jpg,0.624934,0.268388,0.106678
10353.jpg,0.039941,0.242155,0.717904
10354.jpg,0.057153,0.775801,0.167045
10355.jpg,0.130887,0.784293,0.084821
10356.jpg,0.056452,0.329911,0.613637
10357.jpg,0.549707,0.351672,0.098620
10358.jpg,0.429317,0.134061,0.436622
10359.jpg,0.040918,0.876394,0.082688
10360.jpg,0.195103,0.604772,0.200124
10361.jpg,0.034709,0.749951,0.215340
10362.jpg,0.089519,0.828571,0.081909
10363.jpg,0.048163,0.765698,0.186139
10364.jpg,0.658143,0.269697,0.072161
10365.jpg,0.329397,0.453398,0.217205
10366.jpg,0.030039,0.247000,0.722961
10367.jpg,0.902759,0.067505,0.029735
10368.jpg,0.079576,0.423647,0.496777
10369.jpg,0.096752,0.685260,0.217988
10370.jpg,0.795169,0.160576,0.044255
10371.jpg,0.762675,0.199166,0.038159
10372.jpg,0.034597,0.902911,0.062493
10373.jpg,0.057305,0.367919,0.574776
10374.jpg,0.057784,0.802180,0.140036
10375.jpg,0.071569,0.872971,0.055460
10376.jpg,0.822948,0.152715,0.024337
10377.jpg,0.053362,0.265461,0.681177
10378.jpg,0.039059,0.083685,0.877256
10379.jpg,0.038532,0.174562,0.786906
10380.jpg,0.205421,0.670198,0.124382
10381.jpg,0.061392,0.127865,0.810744
10382.jpg,0.351369,0.584226,0.064405
10383.jpg,0.102678,0.721805,0.175517
10384.jpg,0.817641,0.134487,0.047872
10385.jpg,0.946015,0.027995,0.025990
10386.jpg,0.037466,0.174902,0.787632
10387.jpg,0.046385,0.888430,0.065185
10388.jpg,0.163045,0.732293,0.104661
10389.jpg,0.058963,0.685759,0.255278
10390.jpg,0.048955,0.873887,0.077157
10391.jpg,0.038767,0.196775,0.764458
10392.jpg,0.145906,0.414183,0.439911
10393.jpg,0.036986,0.102052,0.860962
10394.jpg,0.039308,0.180443,0.780249
10395.jpg,0.105098,0.722897,0.172005
10396.jpg,0.906635,0.077731,0.015634
10397.jpg,0.036528,0.767862,0.195610
10398.jpg,0.404375,0.561974,0.033652
10399.jpg,0.047341,0.144067,0.808593
10400.jpg,0.060364,0.856821,0.082815
10401.jpg,0.154919,0.770570,0.074510
10402.jpg,0.930950,0.054652,0.014398
10403.jpg,0.049059,0.194134,0.756807
10404.jpg,0.277361,0.497959,0.224680
10405.jpg,0.936488,0.045648,0.017864
10406.jpg,0.094366,0.848182,0.057452
10407.jpg,0.926893,0.056656,0.016451
10408.jpg,0.653891,0.307750,0.038359
10409.jpg,0.231926,0.700276,0.067798
10410.jpg,0.098925,0.849336,0.051739
10411.jpg,0.049467,0.869589,0.080944
10412.jpg,0.305209,0.610903,0.083887
10413.jpg,0.094577,0.807114,0.098310
10414.jpg,0.039574,0.434231,0.526194
10415.jpg,0.224071,0.728027,0.047903
10416.jpg,0.046502,0.149812,0.803686
10417.jpg,0.138455,0.787070,0.074475
10418.jpg,0.047235,0.845526,0.107239
10419.jpg,0.050990,0.395191,0.553819
10420.jpg,0.806821,0.171667,0.021512
10421.jpg,0.087569,0.822670,0.089761
10422.jpg,0.094786,0.801083,0.104131
10423.jpg,0.080721,0.855531,0.063748
10424.jpg,0.032807,0.103565,0.863628
10425.jpg,0.183110,0.755956,0.060934
10426.jpg,0.078498,0.746968,0.174534
10427.jpg,0.084945,0.540483,0.374571
10428.jpg,0.050124,0.234476,0.715399
10429.jpg,0.089747,0.719392,0.190861
10430.jpg,0.046564,0.482927,0.470509
10431.jpg,0.454922,0.502136,0.042941
10432.jpg,0.037334,0.161890,0.800776
10433.jpg,0.048732,0.846690,0.104578
10434.jpg,0.036267,0.099930,0.863804
10435.jpg,0.032586,0.327775,0.639640
10436.jpg,0.050548,0.852712,0.096741
10437.jpg,0.091280,0.723405,0.185315
10438.jpg,0.045973,0.185964,0.768063
10439.jpg,0.053378,0.260438,0.686184
10440.jpg,0.062469,0.277355,0.660176
10441.jpg,0.061926,0.507119,0.430955
10442.jpg,0.070745,0.334054,0.595201
10443.jpg,0.047732,0.262387,0.689881
10444.jpg,0.052113,0.823898,0.123989
10445.jpg,0.805379,0.054356,0.140266
10446.jpg,0.858581,0.115338,0.026081
10447.jpg,0.033828,0.899553,0.066618
10448.jpg,0.033641,0.188165,0.778193
10449.jpg,0.063332,0.731058,0.205611
10450.jpg,0.092884,0.502663,0.404453
10451.jpg,0.857460,0.076817,0.065723
10452.jpg,0.049009,0.832974,0.118017
10453.jpg,0.380309,0.576237,0.043453
10454.jpg,0.178604,0.670149,0.151247
10455.jpg,0.080136,0.839402,0.080462
10456.jpg,0.063961,0.563586,0.372453
10457.jpg,0.046717,0.254036,0.699247
10458.jpg,0.083530,0.658608,0.257862
10459.jpg,0.034951,0.098841,0.866208
10460.jpg,0.100348,0.811724,0.087928
10461.jpg,0.872898,0.103923,0.023179
10462.jpg,0.040647,0.355721,0.603632
10463.jpg,0.035665,0.903483,0.060852
10464.jpg,0.038596,0.563611,0.397793
10465.jpg,0.042130,0.131648,0.826222
10466.jpg,0.040669,0.541439,0.417891
10467.jpg,0.185701,0.682398,0.131901
10468.jpg,0.158130,0.498655,0.343214
10469.jpg,0.039485,0.101970,0.858545
10470.jpg,0.156162,0.488922,0.354915
10471.jpg,0.043598,0.292402,0.664000
10472.jpg,0.727886,0.225457,0.046657
10473.jpg,0.062465,0.758077,0.179458
10474.jpg,0.068284,0.282223,0.649493
10475.jpg,0.231122,0.707881,0.060997
10476.jpg,0.410175,0.068984,0.520840
10477.jpg,0.044635,0.107352,0.848013
10478.jpg,0.085929,0.138040,0.776031
10479.jpg,0.076630,0.692689,0.230681
10480.jpg,0.059047,0.785782,0.155171
10481.jpg,0.043393,0.127492,0.829115
10482.jpg,0.086510,0.351094,0.562396
10483.jpg,0.041587,0.560726,0.397687
10484.jpg,0.048957,0.744664,0.206378
10485.jpg,0.052490,0.262209,0.685302
10486.jpg,0.186695,0.736859,0.076446
10487.jpg,0.608262,0.071417,0.320321
10488.jpg,0.092902,0.581009,0.326089
10489.jpg,0.068647,0.814652,0.116701
10490.jpg,0.038788,0.907439,0.053772
10491.jpg,0.944459,0.037516,0.018024
10492.jpg,0.072593,0.689767,0.237640
10493.jpg,0.065812,0.827590,0.106598
10494.jpg,0.052282,0.887833,0.059886
10495.jpg,0.420697,0.401326,0.177978
10496.jpg,0.113535,0.442165,0.444300
10497.jpg,0.040936,0.165938,0.793126
10498.jpg,0.039811,0.153305,0.806885
10499.jpg,0.041818,0.661311,0.296871
10500.jpg,0.058061,0.535825,0.406114
10501.jpg,0.153922,0.725395,0.120683
10502.jpg,0.112122,0.409006,0.478873
10503.jpg,0.041628,0.164646,0.793726
10504.jpg,0.056615,0.828280,0.115105
10505.jpg,0.045532,0.096665,0.857804
10506.jpg,0.856631,0.095739,0.047630
10507.jpg,0.051516,0.817629,0.130855
10508.jpg,0.096890,0.718901,0.184209
10509.jpg,0.047510,0.860337,0.092153
10510.jpg,0.035374,0.162357,0.802269
10511.jpg,0.042868,0.332601,0.624531
10512.jpg,0.097953,0.273961,0.628087
10513.jpg,0.279906,0.619964,0.100129
10514.jpg,0.655443,0.240295,0.104262
10515.jpg,0.080515,0.852074,0.067411
10516.jpg,0.045050,0.823131,0.131820
10517.jpg,0.071453,0.312638,0.615909
10518.jpg,0.051275,0.244389,0.704336
10519.jpg,0.047053,0.889612,0.063335
10520.jpg,0.046341,0.426892,0.526767
10521.jpg,0.068351,0.743550,0.188099
10522.jpg,0.052191,0.888114,0.059696
10523.jpg,0.074496,0.693454,0.232050
10524.jpg,0.914771,0.064576,0.020654
10525.jpg,0.038676,0.148186,0.813138
10526.jpg,0.162113,0.749983,0.087904
10527.jpg,0.030941,0.205731,0.763328
10528.jpg,0.068132,0.874161,0.057707
10529.jpg,0.044399,0.875454,0.080147
10530.jpg,0.089549,0.797290,0.113161
10531.jpg,0.043810,0.117973,0.838216
10532.jpg,0.715642,0.225762,0.058595
10533.jpg,0.040112,0.100390,0.859498
10534.jpg,0.365511,0.529324,0.105164
10535.jpg,0.454452,0.377819,0.167730
10536.jpg,0.074883,0.830410,0.094707
10537.jpg,0.739750,0.227290,0.032960
10538.jpg,0.117146,0.699999,0.182855
10539.jpg,0.129420,0.755266,0.115313
10540.jpg,0.033351,0.380418,0.586231
10541.jpg,0.090032,0.789104,0.120864
10542.jpg,0.796029,0.168578,0.035394
10543.jpg,0.627769,0.317865,0.054366
10544.jpg,0.932270,0.045968,0.021763
10545.jpg,0.936113,0.038435,0.025452
10546.jpg,0.105694,0.676938,0.217368
10547.jpg,0.053921,0.838984,0.107096
10548.jpg,0.122088,0.771472,0.106440
10549.jpg,0.036663,0.599525,0.363812
10550.jpg,0.048681,0.802111,0.149209
10551.jpg,0.063158,0.668348,0.268494
10552.jpg,0.062195,0.854731,0.083074
10553.jpg,0.038206,0.099537,0.862256
10554.jpg,0.050506,0.831633,0.117861
10555.jpg,0.056929,0.871871,0.071200
10556.jpg,0.039969,0.165135,0.794895
10557.jpg,0.568940,0.205816,0.225244
10558.jpg,0.049083,0.194466,0.756451
10559.jpg,0.036391,0.122507,0.841103
10560.jpg,0.215539,0.689282,0.095180
10561.jpg,0.056135,0.200799,0.743067
10562.jpg,0.039826,0.090520,0.869654
10563.jpg,0.035979,0.136916,0.827104
10564.jpg,0.252214,0.654834,0.092952
10565.jpg,0.382816,0.453302,0.163882
10566.jpg,0.892818,0.068389,0.038792
10567.jpg,0.072587,0.640820,0.286594
10568.jpg,0.111469,0.147359,0.741172
10569.jpg,0.072894,0.861068,0.066038
10570.jpg,0.096844,0.810623,0.092533
10571.jpg,0.034907,0.082936,0.882157
10572.jpg,0.096521,0.385324,0.518155
10573.jpg,0.035179,0.884631,0.080190
10574.jpg,0.435101,0.356651,0.208248
10575.jpg,0.399492,0.241956,0.358552
10576.jpg,0.082515,0.739279,0.178206
10577.jpg,0.109819,0.842439,0.047742
10578.jpg,0.046658,0.818685,0.134656
10579.jpg,0.060176,0.326568,0.613256
10580.jpg,0.570006,0.369496,0.060499
10581.jpg,0.062360,0.872163,0.065476
10582.jpg,0.514547,0.326931,0.158523
10583.jpg,0.038685,0.085660,0.875655
10584.jpg,0.121454,0.117487,0.761059
10585.jpg,0.037242,0.139492,0.823265
10586.jpg,0.064468,0.785663,0.149868
10587.jpg,0.285063,0.638189,0.076747
10588.jpg,0.038686,0.724128,0.237186
10589.jpg,0.788765,0.167677,0.043559
10590.jpg,0.691323,0.183416,0.125262
10591.jpg,0.051804,0.296772,0.651424
10592.jpg,0.057936,0.849150,0.092915
10593.jpg,0.046007,0.240256,0.713736
10594.jpg,0.769640,0.197133,0.033227
10595.jpg,0.099504,0.090970,0.809526
10596.jpg,0.071320,0.768717,0.159963
10597.jpg,0.051193,0.732944,0.215864
