image_name,Type_1,Type_2,Type_3
0.jpg,0.222350,0.751173,0.026477
1.jpg,0.084241,0.788088,0.127670
2.jpg,0.122297,0.853040,0.024663
3.jpg,0.010346,0.728893,0.260761
4.jpg,0.020685,0.082703,0.896611
5.jpg,0.173205,0.809054,0.017742
6.jpg,0.199226,0.773385,0.027388
7.jpg,0.012637,0.255709,0.731654
8.jpg,0.427657,0.543197,0.029146
9.jpg,0.059155,0.867203,0.073642
10.jpg,0.306733,0.685740,0.007526
11.jpg,0.018664,0.067628,0.913708
12.jpg,0.040767,0.140358,0.818876
13.jpg,0.019478,0.124892,0.855630
14.jpg,0.014020,0.705766,0.280214
15.jpg,0.048928,0.253509,0.697563
16.jpg,0.604422,0.359447,0.036130
17.jpg,0.536056,0.459150,0.004794
18.jpg,0.082657,0.878055,0.039287
19.jpg,0.031852,0.338081,0.630068
20.jpg,0.920435,0.076778,0.002786
21.jpg,0.134361,0.772358,0.093280
22.jpg,0.108347,0.859834,0.031820
23.jpg,0.457527,0.519091,0.023381
24.jpg,0.547992,0.434419,0.017589
25.jpg,0.120761,0.835695,0.043545
26.jpg,0.252410,0.727517,0.020072
27.jpg,0.063665,0.299189,0.637147
28.jpg,0.061836,0.795125,0.143039
29.jpg,0.027987,0.639818,0.332195
30.jpg,0.136748,0.810571,0.052681
31.jpg,0.416701,0.569499,0.013800
32.jpg,0.306462,0.357313,0.336224
33.jpg,0.471096,0.510149,0.018756
34.jpg,0.082981,0.799776,0.117243
35.jpg,0.051985,0.634083,0.313932
36.jpg,0.280641,0.704923,0.014436
37.jpg,0.362052,0.613662,0.024286
38.jpg,0.156499,0.812004,0.031497
39.jpg,0.089342,0.741619,0.169038
40.jpg,0.022620,0.148328,0.829052
41.jpg,0.011705,0.405737,0.582557
42.jpg,0.079741,0.832892,0.087366
43.jpg,0.020169,0.797428,0.182403
44.jpg,0.049730,0.756915,0.193355
45.jpg,0.023629,0.606472,0.369900
46.jpg,0.026700,0.138148,0.835152
47.jpg,0.334151,0.634805,0.031044
48.jpg,0.030489,0.070819,0.898691
49.jpg,0.022932,0.157530,0.819538
50.jpg,0.125721,0.255701,0.618577
51.jpg,0.938438,0.058797,0.002764
52.jpg,0.047512,0.266458,0.686030
53.jpg,0.039075,0.205019,0.755906
54.jpg,0.045645,0.480335,0.474019
55.jpg,0.163504,0.224517,0.611979
56.jpg,0.048162,0.902761,0.049077
57.jpg,0.223540,0.745139,0.031322
58.jpg,0.032778,0.532876,0.434346
59.jpg,0.781288,0.204214,0.014497
60.jpg,0.121223,0.381078,0.497699
61.jpg,0.288002,0.569924,0.142073
62.jpg,0.041966,0.264469,0.693565
63.jpg,0.114114,0.746360,0.139525
64.jpg,0.153047,0.826031,0.020921
65.jpg,0.789030,0.186219,0.024751
66.jpg,0.029246,0.111953,0.858801
67.jpg,0.020169,0.073180,0.906651
68.jpg,0.066225,0.877198,0.056577
69.jpg,0.114259,0.756787,0.128955
70.jpg,0.673307,0.287322,0.039371
71.jpg,0.161077,0.799961,0.038962
72.jpg,0.247819,0.722945,0.029236
73.jpg,0.423462,0.462073,0.114465
74.jpg,0.045037,0.378323,0.576640
75.jpg,0.274643,0.717918,0.007438
76.jpg,0.027258,0.162965,0.809777
77.jpg,0.067684,0.814782,0.117534
78.jpg,0.022037,0.054504,0.923459
79.jpg,0.508539,0.480875,0.010586
80.jpg,0.017952,0.292092,0.689957
81.jpg,0.028558,0.819477,0.151965
82.jpg,0.381454,0.576489,0.042058
83.jpg,0.022616,0.089368,0.888015
84.jpg,0.784280,0.200056,0.015663
85.jpg,0.108481,0.834994,0.056525
86.jpg,0.019910,0.049898,0.930192
87.jpg,0.021851,0.094414,0.883734
88.jpg,0.315819,0.611708,0.072473
89.jpg,0.039814,0.182543,0.777643
90.jpg,0.480280,0.483258,0.036462
91.jpg,0.298045,0.598307,0.103647
92.jpg,0.013020,0.208458,0.778522
93.jpg,0.056195,0.891028,0.052777
94.jpg,0.139044,0.777582,0.083375
95.jpg,0.046819,0.781335,0.171846
96.jpg,0.190218,0.789589,0.020193
97.jpg,0.020184,0.221435,0.758381
98.jpg,0.324337,0.604051,0.071612
99.jpg,0.043365,0.260240,0.696395
100.jpg,0.118746,0.852664,0.028590
101.jpg,0.693989,0.299652,0.006359
102.jpg,0.162806,0.764429,0.072764
103.jpg,0.222390,0.699551,0.078059
104.jpg,0.020618,0.220760,0.758622
105.jpg,0.019475,0.079595,0.900930
106.jpg,0.074218,0.851488,0.074293
107.jpg,0.064690,0.415216,0.520093
108.jpg,0.069484,0.541812,0.388703
109.jpg,0.038066,0.123422,0.838512
110.jpg,0.081072,0.872427,0.046501
111.jpg,0.264342,0.430455,0.305203
112.jpg,0.031737,0.416343,0.551920
113.jpg,0.069853,0.551806,0.378341
114.jpg,0.018897,0.254086,0.727017
115.jpg,0.049172,0.900597,0.050231
116.jpg,0.031521,0.124929,0.843550
117.jpg,0.156943,0.822300,0.020757
118.jpg,0.019328,0.093422,0.887250
119.jpg,0.284726,0.276291,0.438983
120.jpg,0.088215,0.860723,0.051062
121.jpg,0.077785,0.885853,0.036361
122.jpg,0.022589,0.106546,0.870865
123.jpg,0.431215,0.548677,0.020108
124.jpg,0.023611,0.095779,0.880610
125.jpg,0.015711,0.666501,0.317788
126.jpg,0.043340,0.901008,0.055652
127.jpg,0.061107,0.802788,0.136105
128.jpg,0.055129,0.892664,0.052208
129.jpg,0.077954,0.859123,0.062923
130.jpg,0.668691,0.328742,0.002567
131.jpg,0.027114,0.062156,0.910730
132.jpg,0.020150,0.400211,0.579640
133.jpg,0.016179,0.123739,0.860083
134.jpg,0.049047,0.902455,0.048499
135.jpg,0.121990,0.840555,0.037455
136.jpg,0.055155,0.893856,0.050990
137.jpg,0.202487,0.738712,0.058801
138.jpg,0.042969,0.628931,0.328100
139.jpg,0.044905,0.895415,0.059680
140.jpg,0.114365,0.805385,0.080249
141.jpg,0.077777,0.250404,0.671819
142.jpg,0.624189,0.366406,0.009405
143.jpg,0.025450,0.209187,0.765362
144.jpg,0.269971,0.717192,0.012837
145.jpg,0.016437,0.083745,0.899818
146.jpg,0.055908,0.887442,0.056650
147.jpg,0.081898,0.755035,0.163068
148.jpg,0.371960,0.562227,0.065813
149.jpg,0.036898,0.206680,0.756421
150.jpg,0.363439,0.589199,0.047361
151.jpg,0.159478,0.293121,0.547400
152.jpg,0.047467,0.902595,0.049937
153.jpg,0.013480,0.113657,0.872863
154.jpg,0.746585,0.243149,0.010266
155.jpg,0.111167,0.459102,0.429732
156.jpg,0.060796,0.701779,0.237426
157.jpg,0.099402,0.408648,0.491950
158.jpg,0.017470,0.202293,0.780237
159.jpg,0.085581,0.727182,0.187237
160.jpg,0.170038,0.808824,0.021138
161.jpg,0.085436,0.727473,0.187090
162.jpg,0.021970,0.416010,0.562021
163.jpg,0.106782,0.650742,0.242477
164.jpg,0.324287,0.510405,0.165308
165.jpg,0.876043,0.114297,0.009661
166.jpg,0.156745,0.380971,0.462284
167.jpg,0.024998,0.309090,0.665911
168.jpg,0.204927,0.690432,0.104641
169.jpg,0.096212,0.865072,0.038716
170.jpg,0.066042,0.895048,0.038910
171.jpg,0.007780,0.338616,0.653604
172.jpg,0.028409,0.285339,0.686252
173.jpg,0.033157,0.292392,0.674451
174.jpg,0.498626,0.474583,0.026790
175.jpg,0.082342,0.492018,0.425640
176.jpg,0.117848,0.782385,0.099767
177.jpg,0.068690,0.892816,0.038493
178.jpg,0.039581,0.326820,0.633599
179.jpg,0.335586,0.644381,0.020033
180.jpg,0.034172,0.315924,0.649904
181.jpg,0.044044,0.480730,0.475226
182.jpg,0.029259,0.064543,0.906197
183.jpg,0.117776,0.799374,0.082849
184.jpg,0.034194,0.137135,0.828670
185.jpg,0.058661,0.604429,0.336909
186.jpg,0.051056,0.903628,0.045316
187.jpg,0.069888,0.684502,0.245609
188.jpg,0.043719,0.122306,0.833975
189.jpg,0.028528,0.321445,0.650027
190.jpg,0.098610,0.873284,0.028106
191.jpg,0.025709,0.094652,0.879638
192.jpg,0.025664,0.640825,0.333511
193.jpg,0.697340,0.296330,0.006330
194.jpg,0.040521,0.615939,0.343540
195.jpg,0.136078,0.756338,0.107584
196.jpg,0.673044,0.321659,0.005298
197.jpg,0.224997,0.679152,0.095851
198.jpg,0.037906,0.237791,0.724302
199.jpg,0.034853,0.265659,0.699487
200.jpg,0.208921,0.760212,0.030868
201.jpg,0.094091,0.754647,0.151262
202.jpg,0.298790,0.661092,0.040117
203.jpg,0.174343,0.569498,0.256158
204.jpg,0.021937,0.086732,0.891331
205.jpg,0.041221,0.149850,0.808930
206.jpg,0.130652,0.726890,0.142457
207.jpg,0.038433,0.214608,0.746959
208.jpg,0.019334,0.104186,0.876480
209.jpg,0.020224,0.068703,0.911073
210.jpg,0.072773,0.450192,0.477035
211.jpg,0.441070,0.539038,0.019893
212.jpg,0.166513,0.760803,0.072684
213.jpg,0.018112,0.217583,0.764305
214.jpg,0.248893,0.709766,0.041341
215.jpg,0.182585,0.800425,0.016990
216.jpg,0.079922,0.888205,0.031873
217.jpg,0.240860,0.749019,0.010122
218.jpg,0.071540,0.891024,0.037436
219.jpg,0.067426,0.304360,0.628214
220.jpg,0.252939,0.686867,0.060194
221.jpg,0.032783,0.328638,0.638579
222.jpg,0.024976,0.401800,0.573225
223.jpg,0.026226,0.062474,0.911299
224.jpg,0.022785,0.055895,0.921320
225.jpg,0.060970,0.788443,0.150586
226.jpg,0.045041,0.370010,0.584948
227.jpg,0.046921,0.881340,0.071740
228.jpg,0.058160,0.884354,0.057487
229.jpg,0.097591,0.662097,0.240313
230.jpg,0.091169,0.806624,0.102207
231.jpg,0.902648,0.088615,0.008737
232.jpg,0.640193,0.323560,0.036247
233.jpg,0.165256,0.811351,0.023393
234.jpg,0.050003,0.128336,0.821661
235.jpg,0.100197,0.740382,0.159420
236.jpg,0.082667,0.785935,0.131398
237.jpg,0.037255,0.240974,0.721771
238.jpg,0.016214,0.126492,0.857294
239.jpg,0.047484,0.901160,0.051355
240.jpg,0.073859,0.139683,0.786458
241.jpg,0.354888,0.519193,0.125918
242.jpg,0.133982,0.681757,0.184261
243.jpg,0.579670,0.414555,0.005775
244.jpg,0.022509,0.162071,0.815420
245.jpg,0.317454,0.674488,0.008058
246.jpg,0.040923,0.875954,0.083123
247.jpg,0.092953,0.741102,0.165944
248.jpg,0.130789,0.430652,0.438559
249.jpg,0.270816,0.674866,0.054318
250.jpg,0.111293,0.758964,0.129743
251.jpg,0.061024,0.894169,0.044807
252.jpg,0.160489,0.684635,0.154876
253.jpg,0.217541,0.488792,0.293667
254.jpg,0.021930,0.067264,0.910805
255.jpg,0.047879,0.845798,0.106323
256.jpg,0.019051,0.132281,0.848668
257.jpg,0.075753,0.885289,0.038958
258.jpg,0.049324,0.467345,0.483330
259.jpg,0.040992,0.278340,0.680668
260.jpg,0.383390,0.510182,0.106427
261.jpg,0.691603,0.261796,0.046601
262.jpg,0.333287,0.626603,0.040110
263.jpg,0.086433,0.849574,0.063993
264.jpg,0.021325,0.218213,0.760463
265.jpg,0.024564,0.289231,0.686204
266.jpg,0.023628,0.087050,0.889322
267.jpg,0.401519,0.546262,0.052219
268.jpg,0.539141,0.441752,0.019107
269.jpg,0.658267,0.326766,0.014967
270.jpg,0.020112,0.056016,0.923872
271.jpg,0.061687,0.731741,0.206572
272.jpg,0.114740,0.780626,0.104634
273.jpg,0.040249,0.639703,0.320048
274.jpg,0.342085,0.590865,0.067051
275.jpg,0.034517,0.101707,0.863776
276.jpg,0.031217,0.322614,0.646170
277.jpg,0.146484,0.819725,0.033792
278.jpg,0.079146,0.586846,0.334008
279.jpg,0.027304,0.180183,0.792512
280.jpg,0.096509,0.867329,0.036161
281.jpg,0.038327,0.443620,0.518052
282.jpg,0.062527,0.879413,0.058060
283.jpg,0.025512,0.124526,0.849962
284.jpg,0.021105,0.097873,0.881022
285.jpg,0.413120,0.510342,0.076538
286.jpg,0.054919,0.835364,0.109717
287.jpg,0.017053,0.195664,0.787284
288.jpg,0.034102,0.872677,0.093221
289.jpg,0.892030,0.101319,0.006652
290.jpg,0.079408,0.841577,0.079015
291.jpg,0.328831,0.656824,0.014345
292.jpg,0.204187,0.718546,0.077267
293.jpg,0.720368,0.264188,0.015444
294.jpg,0.124111,0.795636,0.080253
295.jpg,0.161912,0.749669,0.088419
296.jpg,0.069136,0.887774,0.043089
297.jpg,0.173911,0.763575,0.062513
298.jpg,0.037791,0.131109,0.831101
299.jpg,0.103483,0.871892,0.024624
300.jpg,0.062058,0.901819,0.036123
301.jpg,0.090268,0.684743,0.224988
302.jpg,0.110489,0.403508,0.486003
303.jpg,0.156220,0.810488,0.033292
304.jpg,0.796677,0.187939,0.015383
305.jpg,0.036733,0.848838,0.114429
306.jpg,0.159001,0.565547,0.275452
307.jpg,0.023315,0.114970,0.861715
308.jpg,0.351275,0.612231,0.036494
309.jpg,0.024454,0.416703,0.558843
310.jpg,0.050735,0.429468,0.519797
311.jpg,0.023955,0.085380,0.890665
312.jpg,0.889031,0.107157,0.003812
313.jpg,0.016167,0.290812,0.693021
314.jpg,0.063788,0.892911,0.043300
315.jpg,0.167016,0.802526,0.030458
316.jpg,0.364833,0.552416,0.082751
317.jpg,0.835657,0.158985,0.005358
318.jpg,0.093669,0.881920,0.024412
319.jpg,0.012679,0.802866,0.184454
320.jpg,0.084762,0.806883,0.108354
321.jpg,0.153420,0.678689,0.167890
322.jpg,0.032028,0.733163,0.234809
323.jpg,0.034758,0.679034,0.286208
324.jpg,0.203964,0.782700,0.013336
325.jpg,0.037419,0.085126,0.877455
326.jpg,0.022005,0.062058,0.915936
327.jpg,0.048708,0.322997,0.628296
328.jpg,0.025507,0.470103,0.504391
329.jpg,0.078221,0.737515,0.184264
330.jpg,0.113098,0.861972,0.024930
331.jpg,0.829032,0.152449,0.018519
332.jpg,0.137641,0.598986,0.263372
333.jpg,0.020793,0.071591,0.907616
334.jpg,0.017758,0.088247,0.893995
335.jpg,0.021161,0.074047,0.904792
336.jpg,0.841587,0.150777,0.007636
337.jpg,0.033767,0.130907,0.835326
338.jpg,0.188376,0.739240,0.072383
339.jpg,0.029858,0.118486,0.851655
340.jpg,0.063402,0.845077,0.091520
341.jpg,0.082412,0.748053,0.169536
342.jpg,0.155383,0.433446,0.411171
343.jpg,0.028091,0.203463,0.768445
344.jpg,0.780784,0.215471,0.003745
345.jpg,0.216460,0.722110,0.061430
346.jpg,0.068684,0.824571,0.106744
347.jpg,0.076392,0.870980,0.052629
348.jpg,0.033520,0.725145,0.241335
349.jpg,0.164162,0.748911,0.086927
350.jpg,0.030248,0.662000,0.307753
351.jpg,0.060067,0.549459,0.390474
352.jpg,0.034211,0.695284,0.270504
353.jpg,0.024390,0.126727,0.848884
354.jpg,0.099243,0.877491,0.023265
355.jpg,0.837259,0.150228,0.012513
356.jpg,0.914234,0.083784,0.001981
357.jpg,0.039260,0.886801,0.073939
358.jpg,0.096829,0.867602,0.035569
359.jpg,0.025364,0.081311,0.893326
360.jpg,0.061843,0.901790,0.036367
361.jpg,0.244184,0.625876,0.129939
362.jpg,0.045902,0.769249,0.184849
363.jpg,0.129585,0.767450,0.102966
364.jpg,0.014193,0.198613,0.787193
365.jpg,0.061832,0.864341,0.073826
366.jpg,0.039891,0.140809,0.819300
367.jpg,0.782193,0.207029,0.010777
368.jpg,0.286129,0.691938,0.021933
369.jpg,0.058131,0.876866,0.065002
370.jpg,0.056136,0.849128,0.094736
371.jpg,0.593356,0.401388,0.005256
372.jpg,0.020381,0.088247,0.891372
373.jpg,0.096862,0.871080,0.032058
374.jpg,0.172630,0.687425,0.139944
375.jpg,0.100150,0.880490,0.019361
376.jpg,0.024844,0.091777,0.883379
377.jpg,0.058952,0.887696,0.053351
378.jpg,0.058248,0.319847,0.621905
379.jpg,0.024866,0.250746,0.724388
380.jpg,0.061674,0.720684,0.217642
381.jpg,0.235475,0.712364,0.052160
382.jpg,0.723170,0.275761,0.001069
383.jpg,0.215927,0.746385,0.037687
384.jpg,0.133094,0.600765,0.266142
385.jpg,0.065150,0.776818,0.158032
386.jpg,0.015746,0.093364,0.890890
387.jpg,0.052160,0.532756,0.415083
388.jpg,0.012406,0.470657,0.516936
389.jpg,0.081477,0.874577,0.043946
390.jpg,0.085747,0.856029,0.058224
391.jpg,0.020026,0.193614,0.786361
392.jpg,0.084982,0.681671,0.233347
393.jpg,0.037333,0.108490,0.854177
394.jpg,0.074115,0.853299,0.072586
395.jpg,0.307309,0.676401,0.016290
396.jpg,0.066767,0.889072,0.044161
397.jpg,0.174909,0.784199,0.040892
398.jpg,0.012655,0.378757,0.608587
399.jpg,0.174749,0.745853,0.079398
400.jpg,0.026194,0.206287,0.767519
401.jpg,0.045265,0.808040,0.146695
402.jpg,0.687141,0.309341,0.003519
403.jpg,0.480509,0.508709,0.010783
404.jpg,0.137147,0.830353,0.032500
405.jpg,0.088923,0.845715,0.065363
406.jpg,0.555999,0.442825,0.001176
407.jpg,0.072990,0.880772,0.046238
408.jpg,0.193151,0.688288,0.118561
409.jpg,0.054900,0.138482,0.806617
410.jpg,0.157100,0.490453,0.352447
411.jpg,0.153545,0.811471,0.034985
412.jpg,0.152368,0.673134,0.174497
413.jpg,0.035317,0.324786,0.639897
414.jpg,0.022920,0.224988,0.752091
415.jpg,0.102672,0.865731,0.031597
416.jpg,0.784741,0.208760,0.006500
417.jpg,0.149554,0.830871,0.019574
418.jpg,0.036756,0.132020,0.831224
419.jpg,0.485118,0.466058,0.048824
420.jpg,0.024410,0.489254,0.486335
421.jpg,0.080202,0.801786,0.118013
422.jpg,0.035350,0.228747,0.735903
423.jpg,0.033071,0.247624,0.719305
424.jpg,0.058529,0.568942,0.372528
425.jpg,0.020024,0.062924,0.917052
426.jpg,0.064275,0.229943,0.705781
427.jpg,0.041511,0.877027,0.081462
428.jpg,0.031613,0.221012,0.747375
429.jpg,0.033455,0.117374,0.849170
430.jpg,0.269180,0.563010,0.167811
431.jpg,0.846456,0.145490,0.008053
432.jpg,0.023727,0.069723,0.906549
433.jpg,0.079420,0.200921,0.719660
434.jpg,0.400494,0.584983,0.014523
435.jpg,0.033493,0.256672,0.709836
436.jpg,0.246451,0.710659,0.042890
437.jpg,0.559226,0.435983,0.004791
438.jpg,0.048653,0.902635,0.048712
439.jpg,0.033972,0.815282,0.150746
440.jpg,0.020312,0.079589,0.900099
441.jpg,0.095496,0.833243,0.071261
442.jpg,0.189861,0.794943,0.015195
443.jpg,0.044961,0.720272,0.234768
444.jpg,0.142346,0.739156,0.118499
445.jpg,0.323577,0.552896,0.123526
446.jpg,0.135949,0.629825,0.234226
447.jpg,0.097258,0.797903,0.104838
448.jpg,0.044607,0.830921,0.124472
449.jpg,0.455823,0.514064,0.030113
450.jpg,0.022977,0.193665,0.783358
451.jpg,0.044899,0.654519,0.300581
452.jpg,0.019468,0.188319,0.792213
453.jpg,0.446956,0.543790,0.009254
454.jpg,0.469661,0.461920,0.068419
455.jpg,0.076248,0.134581,0.789170
456.jpg,0.352696,0.636107,0.011197
457.jpg,0.571711,0.420761,0.007528
458.jpg,0.160906,0.815065,0.024029
459.jpg,0.066458,0.894418,0.039123
460.jpg,0.207082,0.665088,0.127830
461.jpg,0.160852,0.737108,0.102040
462.jpg,0.142043,0.625227,0.232730
463.jpg,0.103317,0.755303,0.141381
464.jpg,0.187569,0.797127,0.015304
465.jpg,0.047978,0.893703,0.058319
466.jpg,0.278964,0.708206,0.012830
467.jpg,0.829324,0.162898,0.007778
468.jpg,0.162593,0.509098,0.328309
469.jpg,0.027510,0.650384,0.322105
470.jpg,0.513170,0.479803,0.007026
471.jpg,0.082747,0.872951,0.044303
472.jpg,0.510242,0.469877,0.019881
473.jpg,0.037484,0.639786,0.322730
474.jpg,0.142548,0.556730,0.300722
475.jpg,0.127683,0.819027,0.053291
476.jpg,0.097831,0.860402,0.041767
477.jpg,0.606845,0.386081,0.007074
478.jpg,0.174827,0.767129,0.058044
479.jpg,0.067209,0.582801,0.349990
480.jpg,0.078547,0.773774,0.147679
481.jpg,0.019471,0.066896,0.913632
482.jpg,0.720664,0.228968,0.050368
483.jpg,0.488395,0.490521,0.021085
484.jpg,0.032676,0.211291,0.756033
485.jpg,0.049650,0.222489,0.727861
486.jpg,0.012459,0.497380,0.490161
487.jpg,0.648930,0.340208,0.010861
488.jpg,0.059341,0.835288,0.105372
489.jpg,0.353464,0.362388,0.284147
490.jpg,0.109537,0.702989,0.187475
491.jpg,0.035255,0.793843,0.170903
492.jpg,0.496951,0.466738,0.036312
493.jpg,0.529524,0.450059,0.020418
494.jpg,0.029188,0.795516,0.175296
495.jpg,0.093756,0.873359,0.032885
496.jpg,0.036365,0.372745,0.590890
497.jpg,0.103128,0.836855,0.060017
498.jpg,0.061795,0.620354,0.317852
499.jpg,0.016032,0.087824,0.896144
500.jpg,0.152616,0.780153,0.067231
501.jpg,0.753050,0.211152,0.035798
502.jpg,0.024016,0.142651,0.833333
503.jpg,0.045198,0.366641,0.588160
504.jpg,0.029877,0.072429,0.897693
505.jpg,0.105366,0.839885,0.054749
506.jpg,0.041037,0.751309,0.207654
507.jpg,0.229194,0.679920,0.090886
508.jpg,0.092004,0.650947,0.257049
509.jpg,0.064643,0.878560,0.056798
510.jpg,0.032022,0.232266,0.735712
511.jpg,0.024600,0.140304,0.835096
10000.jpg,0.111614,0.819489,0.068895
10001.jpg,0.066627,0.799027,0.134346
10002.jpg,0.024733,0.632071,0.343196
10003.jpg,0.894166,0.101150,0.004684
10004.jpg,0.058307,0.903376,0.038317
10005.jpg,0.165709,0.747075,0.087217
10006.jpg,0.029009,0.824410,0.146581
10007.jpg,0.619213,0.367927,0.012860
10008.jpg,0.211313,0.650568,0.138120
10009.jpg,0.142469,0.834664,0.022867
10010.jpg,0.023721,0.073739,0.902540
10011.jpg,0.035932,0.141319,0.822749
10012.jpg,0.074121,0.867907,0.057972
10013.jpg,0.032549,0.234527,0.732924
10014.jpg,0.136561,0.830404,0.033035
10015.jpg,0.067676,0.313362,0.618962
10016.jpg,0.068918,0.596731,0.334351
10017.jpg,0.012618,0.402907,0.584475
10018.jpg,0.105400,0.323473,0.571128
10019.jpg,0.063769,0.892756,0.043474
10020.jpg,0.038240,0.584144,0.377616
10021.jpg,0.052954,0.470600,0.476446
10022.jpg,0.146579,0.487907,0.365514
10023.jpg,0.169529,0.640427,0.190045
10024.jpg,0.025977,0.126945,0.847078
10025.jpg,0.136858,0.843620,0.019521
10026.jpg,0.231936,0.365028,0.403036
10027.jpg,0.091558,0.835216,0.073226
10028.jpg,0.018161,0.468678,0.513161
10029.jpg,0.778014,0.201754,0.020233
10030.jpg,0.052850,0.223887,0.723262
10031.jpg,0.046698,0.285552,0.667749
10032.jpg,0.068698,0.670072,0.261230
10033.jpg,0.084625,0.883538,0.031837
10034.jpg,0.043056,0.874442,0.082502
10035.jpg,0.016467,0.608820,0.374713
10036.jpg,0.225142,0.700823,0.074035
10037.jpg,0.262022,0.629587,0.108391
10038.jpg,0.047922,0.900647,0.051430
10039.jpg,0.899287,0.098546,0.002168
10040.jpg,0.098744,0.153017,0.748239
10041.jpg,0.156664,0.825143,0.018193
10042.jpg,0.052679,0.292596,0.654726
10043.jpg,0.079238,0.863927,0.056835
10044.jpg,0.286552,0.552474,0.160974
10045.jpg,0.280961,0.692844,0.026195
10046.jpg,0.547144,0.436370,0.016485
10047.jpg,0.293728,0.678540,0.027732
10048.jpg,0.089564,0.807362,0.103074
10049.jpg,0.036415,0.483099,0.480486
10050.jpg,0.059127,0.886195,0.054678
10051.jpg,0.012321,0.595608,0.392071
10052.jpg,0.026752,0.399628,0.573620
10053.jpg,0.049659,0.213489,0.736852
10054.jpg,0.021942,0.694257,0.283801
10055.jpg,0.324089,0.413228,0.262683
10056.jpg,0.078232,0.883131,0.038636
10057.jpg,0.137952,0.811720,0.050327
10058.jpg,0.649909,0.345570,0.004522
10059.jpg,0.007867,0.350656,0.641478
10060.jpg,0.299748,0.686737,0.013515
10061.jpg,0.139307,0.804751,0.055942
10062.jpg,0.060926,0.229541,0.709533
10063.jpg,0.083396,0.879036,0.037568
10064.jpg,0.119810,0.850930,0.029260
10065.jpg,0.171133,0.316165,0.512701
10066.jpg,0.020074,0.078005,0.901921
10067.jpg,0.473556,0.504712,0.021732
10068.jpg,0.122387,0.688248,0.189366
10069.jpg,0.689621,0.293488,0.016892
10070.jpg,0.217477,0.769302,0.013222
10071.jpg,0.089334,0.837670,0.072996
10072.jpg,0.011671,0.212921,0.775408
10073.jpg,0.164263,0.811999,0.023738
10074.jpg,0.132913,0.821537,0.045551
10075.jpg,0.170527,0.811690,0.017783
10076.jpg,0.017819,0.098892,0.883289
10077.jpg,0.055843,0.254746,0.689411
10078.jpg,0.548107,0.442102,0.009791
10079.jpg,0.024343,0.112554,0.863103
10080.jpg,0.057551,0.216701,0.725748
10081.jpg,0.535044,0.454196,0.010760
10082.jpg,0.184234,0.700733,0.115033
10083.jpg,0.021593,0.099961,0.878446
10084.jpg,0.451213,0.447993,0.100795
10085.jpg,0.134657,0.787566,0.077778
10086.jpg,0.070092,0.835678,0.094230
10087.jpg,0.101682,0.859868,0.038450
10088.jpg,0.042703,0.166454,0.790843
10089.jpg,0.012542,0.786420,0.201037
10090.jpg,0.134180,0.662558,0.203262
10091.jpg,0.050951,0.768648,0.180401
10092.jpg,0.093706,0.556689,0.349604
10093.jpg,0.080713,0.842803,0.076484
10094.jpg,0.119612,0.472018,0.408371
10095.jpg,0.016980,0.187449,0.795571
10096.jpg,0.723546,0.267151,0.009304
10097.jpg,0.150629,0.649880,0.199490
10098.jpg,0.145741,0.817028,0.037231
10099.jpg,0.131395,0.734600,0.134004
10100.jpg,0.016496,0.338757,0.644747
10101.jpg,0.124155,0.826029,0.049816
10102.jpg,0.090859,0.571190,0.337951
10103.jpg,0.019904,0.067750,0.912346
10104.jpg,0.051662,0.538879,0.409460
10105.jpg,0.031011,0.171578,0.797411
10106.jpg,0.021880,0.110709,0.867412
10107.jpg,0.035303,0.283654,0.681044
10108.jpg,0.094622,0.855809,0.049569
10109.jpg,0.014095,0.561862,0.424043
10110.jpg,0.043044,0.121814,0.835143
10111.jpg,0.182154,0.762741,0.055104
10112.jpg,0.026896,0.226831,0.746274
10113.jpg,0.056704,0.231895,0.711401
10114.jpg,0.255417,0.719649,0.024935
10115.jpg,0.026769,0.123983,0.849248
10116.jpg,0.209401,0.764453,0.026146
10117.jpg,0.573703,0.398941,0.027356
10118.jpg,0.145816,0.831959,0.022225
10119.jpg,0.650597,0.322961,0.026442
10120.jpg,0.700972,0.296115,0.002912
10121.jpg,0.061991,0.391575,0.546433
10122.jpg,0.128200,0.735242,0.136559
10123.jpg,0.362822,0.625065,0.012113
10124.jpg,0.106682,0.868819,0.024500
10125.jpg,0.040631,0.390686,0.568683
10126.jpg,0.052344,0.893624,0.054033
10127.jpg,0.032468,0.415296,0.552237
10128.jpg,0.134895,0.604766,0.260339
10129.jpg,0.034051,0.637941,0.328007
10130.jpg,0.077317,0.713495,0.209189
10131.jpg,0.072060,0.876133,0.051807
10132.jpg,0.285108,0.695598,0.019294
10133.jpg,0.082723,0.850235,0.067042
10134.jpg,0.026471,0.162845,0.810685
10135.jpg,0.026651,0.466825,0.506524
10136.jpg,0.785748,0.203499,0.010754
10137.jpg,0.302302,0.361203,0.336494
10138.jpg,0.084476,0.863864,0.051661
10139.jpg,0.030025,0.504233,0.465741
10140.jpg,0.102036,0.677405,0.220559
10141.jpg,0.337988,0.638043,0.023969
10142.jpg,0.085721,0.865490,0.048789
10143.jpg,0.043768,0.233875,0.722357
10144.jpg,0.076455,0.891155,0.032391
10145.jpg,0.094495,0.285575,0.619930
10146.jpg,0.147864,0.696664,0.155472
10147.jpg,0.038283,0.903795,0.057922
10148.jpg,0.050659,0.267272,0.682068
10149.jpg,0.025096,0.638295,0.336609
10150.jpg,0.098606,0.766339,0.135055
10151.jpg,0.054547,0.554653,0.390799
10152.jpg,0.024631,0.390254,0.585115
10153.jpg,0.028706,0.603087,0.368207
10154.jpg,0.905860,0.092208,0.001932
10155.jpg,0.066475,0.844186,0.089340
10156.jpg,0.162105,0.750232,0.087663
10157.jpg,0.547386,0.445536,0.007078
10158.jpg,0.174036,0.788064,0.037899
10159.jpg,0.903739,0.091956,0.004306
10160.jpg,0.032143,0.877455,0.090402
10161.jpg,0.023474,0.100574,0.875953
10162.jpg,0.903040,0.083353,0.013607
10163.jpg,0.070982,0.696383,0.232635
10164.jpg,0.035932,0.177178,0.786890
10165.jpg,0.018988,0.069590,0.911421
10166.jpg,0.598443,0.380212,0.021345
10167.jpg,0.064558,0.567460,0.367982
10168.jpg,0.049363,0.811703,0.138935
10169.jpg,0.640992,0.340026,0.018982
10170.jpg,0.039583,0.085007,0.875410
10171.jpg,0.685830,0.277377,0.036793
10172.jpg,0.026220,0.336012,0.637767
10173.jpg,0.228985,0.499374,0.271641
10174.jpg,0.025256,0.118137,0.856607
10175.jpg,0.375269,0.528783,0.095948
10176.jpg,0.068482,0.831129,0.100390
10177.jpg,0.083562,0.841775,0.074662
10178.jpg,0.197133,0.727882,0.074985
10179.jpg,0.020464,0.103907,0.875629
10180.jpg,0.117015,0.791262,0.091722
10181.jpg,0.024127,0.279243,0.696630
10182.jpg,0.249119,0.731078,0.019803
10183.jpg,0.022422,0.093773,0.883806
10184.jpg,0.293790,0.698836,0.007375
10185.jpg,0.038612,0.448501,0.512887
10186.jpg,0.514637,0.471167,0.014197
10187.jpg,0.040343,0.120248,0.839409
10188.jpg,0.026263,0.270669,0.703068
10189.jpg,0.027784,0.429655,0.542561
10190.jpg,0.393728,0.602778,0.003493
10191.jpg,0.603145,0.366670,0.030184
10192.jpg,0.030473,0.832934,0.136593
10193.jpg,0.937716,0.060094,0.002191
10194.jpg,0.109399,0.804604,0.085997
10195.jpg,0.021282,0.222158,0.756560
10196.jpg,0.145740,0.808544,0.045715
10197.jpg,0.170674,0.676600,0.152725
10198.jpg,0.251691,0.707601,0.040708
10199.jpg,0.287766,0.693889,0.018345
10200.jpg,0.074505,0.831374,0.094121
10201.jpg,0.056541,0.891801,0.051658
10202.jpg,0.013427,0.214279,0.772293
10203.jpg,0.015856,0.598008,0.386136
10204.jpg,0.032648,0.850714,0.116638
10205.jpg,0.600283,0.358227,0.041490
10206.jpg,0.182031,0.791342,0.026627
10207.jpg,0.206348,0.780216,0.013437
10208.jpg,0.071966,0.830055,0.097978
10209.jpg,0.042432,0.804665,0.152902
10210.jpg,0.051808,0.331218,0.616974
10211.jpg,0.051091,0.899892,0.049017
10212.jpg,0.141316,0.799683,0.059002
10213.jpg,0.370443,0.572964,0.056593
10214.jpg,0.061319,0.885054,0.053627
10215.jpg,0.041388,0.379723,0.578890
10216.jpg,0.117651,0.754428,0.127921
10217.jpg,0.211794,0.759462,0.028744
10218.jpg,0.052552,0.900305,0.047142
10219.jpg,0.916474,0.079542,0.003984
10220.jpg,0.045056,0.189764,0.765180
10221.jpg,0.447291,0.523570,0.029140
10222.jpg,0.025255,0.076803,0.897942
10223.jpg,0.033828,0.266047,0.700125
10224.jpg,0.091736,0.377343,0.530921
10225.jpg,0.040553,0.385885,0.573562
10226.jpg,0.022559,0.055509,0.921932
10227.jpg,0.007303,0.311335,0.681362
10228.jpg,0.250030,0.730434,0.019536
10229.jpg,0.093854,0.825783,0.080362
10230.jpg,0.131858,0.799544,0.068597
10231.jpg,0.079532,0.794264,0.126204
10232.jpg,0.037042,0.431660,0.531298
10233.jpg,0.850578,0.141148,0.008274
10234.jpg,0.108479,0.755032,0.136489
10235.jpg,0.090527,0.787478,0.121995
10236.jpg,0.027493,0.077891,0.894616
10237.jpg,0.018909,0.254529,0.726562
10238.jpg,0.120619,0.857828,0.021553
10239.jpg,0.100555,0.798490,0.100955
10240.jpg,0.032991,0.232262,0.734747
10241.jpg,0.099110,0.700243,0.200647
10242.jpg,0.138543,0.619636,0.241820
10243.jpg,0.702936,0.295641,0.001423
10244.jpg,0.026072,0.205853,0.768075
10245.jpg,0.039526,0.410800,0.549674
10246.jpg,0.094178,0.673369,0.232453
10247.jpg,0.846073,0.142234,0.011693
10248.jpg,0.080927,0.451951,0.467122
10249.jpg,0.101438,0.778616,0.119945
10250.jpg,0.027681,0.537425,0.434894
10251.jpg,0.146283,0.779568,0.074149
10252.jpg,0.042081,0.706746,0.251173
10253.jpg,0.244375,0.734329,0.021296
10254.jpg,0.018948,0.270782,0.710271
10255.jpg,0.048964,0.878478,0.072557
10256.jpg,0.043678,0.799650,0.156672
10257.jpg,0.024052,0.212284,0.763665
10258.jpg,0.056059,0.739145,0.204796
10259.jpg,0.031762,0.242264,0.725973
10260.jpg,0.048225,0.136512,0.815263
10261.jpg,0.216987,0.601595,0.181418
10262.jpg,0.100004,0.861187,0.038809
10263.jpg,0.306468,0.640452,0.053079
10264.jpg,0.077443,0.881326,0.041231
10265.jpg,0.012977,0.482159,0.504865
10266.jpg,0.052999,0.881725,0.065276
10267.jpg,0.101715,0.836302,0.061982
10268.jpg,0.206936,0.728970,0.064094
10269.jpg,0.267523,0.714788,0.017688
10270.jpg,0.847583,0.145678,0.006739
10271.jpg,0.154358,0.810848,0.034794
10272.jpg,0.041632,0.837265,0.121103
10273.jpg,0.047439,0.903604,0.048956
10274.jpg,0.897043,0.100764,0.002193
10275.jpg,0.688249,0.306156,0.005594
10276.jpg,0.068418,0.884790,0.046792
10277.jpg,0.186300,0.438978,0.374723
10278.jpg,0.475018,0.406407,0.118575
10279.jpg,0.016429,0.342209,0.641362
10280.jpg,0.079318,0.782068,0.138614
10281.jpg,0.693580,0.282770,0.023651
10282.jpg,0.166542,0.319335,0.514123
10283.jpg,0.206258,0.763502,0.030240
10284.jpg,0.066617,0.328661,0.604721
10285.jpg,0.019457,0.115187,0.865355
10286.jpg,0.102222,0.425368,0.472410
10287.jpg,0.083382,0.817978,0.098640
10288.jpg,0.046031,0.674419,0.279549
10289.jpg,0.011376,0.293082,0.695542
10290.jpg,0.046460,0.558495,0.395045
10291.jpg,0.113092,0.840295,0.046613
10292.jpg,0.017924,0.566402,0.415674
10293.jpg,0.364559,0.622656,0.012785
10294.jpg,0.165199,0.557041,0.277760
10295.jpg,0.053067,0.823117,0.123816
10296.jpg,0.084865,0.835006,0.080129
10297.jpg,0.548726,0.445879,0.005394
10298.jpg,0.292428,0.605342,0.102230
10299.jpg,0.100880,0.846250,0.052870
10300.jpg,0.325622,0.646386,0.027992
10301.jpg,0.119544,0.490900,0.389556
10302.jpg,0.015862,0.147726,0.836413
10303.jpg,0.113104,0.466701,0.420195
10304.jpg,0.035193,0.375482,0.589325
10305.jpg,0.597352,0.400606,0.002043
10306.jpg,0.088931,0.861803,0.049265
10307.jpg,0.584155,0.385814,0.030032
10308.jpg,0.027207,0.094907,0.877886
10309.jpg,0.032396,0.645768,0.321837
10310.jpg,0.014525,0.185734,0.799741
10311.jpg,0.076519,0.397721,0.525760
10312.jpg,0.087149,0.866675,0.046177
10313.jpg,0.051098,0.292173,0.656729
10314.jpg,0.075040,0.866558,0.058402
10315.jpg,0.037507,0.357725,0.604768
10316.jpg,0.023213,0.512396,0.464390
10317.jpg,0.079542,0.888831,0.031627
10318.jpg,0.072032,0.441214,0.486754
10319.jpg,0.048848,0.903089,0.048064
10320.jpg,0.117756,0.795847,0.086397
10321.jpg,0.114875,0.537365,0.347759
10322.jpg,0.026331,0.119135,0.854534
10323.jpg,0.020180,0.243138,0.736682
10324.jpg,0.039238,0.903568,0.057194
10325.jpg,0.111155,0.122011,0.766833
10326.jpg,0.046117,0.154647,0.799236
10327.jpg,0.258621,0.363573,0.377806
10328.jpg,0.055454,0.901057,0.043488
10329.jpg,0.095039,0.794933,0.110028
10330.jpg,0.028150,0.192744,0.779106
10331.jpg,0.083476,0.878348,0.038176
10332.jpg,0.023051,0.132825,0.844124
10333.jpg,0.025826,0.055974,0.918200
10334.jpg,0.081519,0.777445,0.141035
10335.jpg,0.106245,0.310775,0.582981
10336.jpg,0.438163,0.476489,0.085349
10337.jpg,0.212406,0.736841,0.050754
10338.jpg,0.122610,0.835450,0.041940
10339.jpg,0.670084,0.295016,0.034901
10340.jpg,0.800210,0.196016,0.003774
10341.jpg,0.416974,0.497505,0.085521
10342.jpg,0.086760,0.219173,0.694068
10343.jpg,0.299382,0.481482,0.219136
10344.jpg,0.050604,0.172169,0.777228
10345.jpg,0.010981,0.179944,0.809075
10346.jpg,0.060913,0.424034,0.515053
10347.jpg,0.055837,0.893138,0.051025
10348.jpg,0.017259,0.252053,0.730687
10349.jpg,0.140817,0.832546,0.026637
10350.jpg,0.047263,0.129839,0.822898
10351.jpg,0.083248,0.528946,0.387806
10352.jpg,0.520305,0.449700,0.029995
10353.jpg,0.021837,0.137731,0.840432
10354.jpg,0.109203,0.743945,0.146851
10355.jpg,0.116846,0.799606,0.083548
10356.jpg,0.020401,0.360429,0.619170
10357.jpg,0.570363,0.424234,0.005403
10358.jpg,0.467527,0.328746,0.203727
10359.jpg,0.038788,0.897859,0.063353
10360.jpg,0.225067,0.733236,0.041697
10361.jpg,0.043318,0.641864,0.314818
10362.jpg,0.091124,0.862335,0.046540
10363.jpg,0.090912,0.795977,0.113112
10364.jpg,0.596711,0.388209,0.015080
10365.jpg,0.192577,0.593015,0.214408
10366.jpg,0.030352,0.132090,0.837557
10367.jpg,0.730934,0.217218,0.051849
10368.jpg,0.019846,0.757634,0.222520
10369.jpg,0.092691,0.742529,0.164780
10370.jpg,0.686057,0.295113,0.018830
10371.jpg,0.636829,0.348934,0.014238
10372.jpg,0.047753,0.903317,0.048930
10373.jpg,0.141671,0.457134,0.401193
10374.jpg,0.028940,0.727251,0.243809
10375.jpg,0.066682,0.880169,0.053148
10376.jpg,0.716445,0.266138,0.017416
10377.jpg,0.028046,0.188503,0.783451
10378.jpg,0.022100,0.056560,0.921340
10379.jpg,0.019262,0.125868,0.854869
10380.jpg,0.194397,0.747523,0.058079
10381.jpg,0.039946,0.113905,0.846148
10382.jpg,0.305446,0.618672,0.075883
10383.jpg,0.087428,0.864258,0.048315
10384.jpg,0.737862,0.260120,0.002018
10385.jpg,0.912316,0.084213,0.003471
10386.jpg,0.032678,0.102313,0.865008
10387.jpg,0.053349,0.884330,0.062322
10388.jpg,0.155582,0.797966,0.046451
10389.jpg,0.032633,0.765122,0.202246
10390.jpg,0.049845,0.894154,0.056001
10391.jpg,0.018739,0.294496,0.686765
10392.jpg,0.073332,0.491495,0.435173
10393.jpg,0.028999,0.078071,0.892930
10394.jpg,0.031502,0.174705,0.793793
10395.jpg,0.095288,0.779170,0.125542
10396.jpg,0.811501,0.184563,0.003936
10397.jpg,0.061497,0.776577,0.161926
10398.jpg,0.468886,0.487028,0.044086
10399.jpg,0.021556,0.152278,0.826167
10400.jpg,0.079215,0.866083,0.054702
10401.jpg,0.241666,0.746720,0.011614
10402.jpg,0.857746,0.125986,0.016268
10403.jpg,0.016022,0.178669,0.805310
10404.jpg,0.098148,0.688322,0.213530
10405.jpg,0.871806,0.122296,0.005897
10406.jpg,0.101011,0.864035,0.034954
10407.jpg,0.783922,0.210163,0.005915
10408.jpg,0.363559,0.620783,0.015657
10409.jpg,0.158977,0.793388,0.047634
10410.jpg,0.104517,0.854554,0.040930
10411.jpg,0.064698,0.874602,0.060700
10412.jpg,0.207447,0.695344,0.097209
10413.jpg,0.116857,0.850000,0.033143
10414.jpg,0.045542,0.302554,0.651903
10415.jpg,0.201493,0.772360,0.026147
10416.jpg,0.030828,0.095519,0.873652
10417.jpg,0.244096,0.630705,0.125200
10418.jpg,0.035730,0.864549,0.099721
10419.jpg,0.032257,0.269144,0.698599
10420.jpg,0.766911,0.212572,0.020518
10421.jpg,0.080280,0.886653,0.033067
10422.jpg,0.118501,0.833515,0.047984
10423.jpg,0.083368,0.854074,0.062557
10424.jpg,0.020506,0.069016,0.910479
10425.jpg,0.310728,0.649064,0.040208
10426.jpg,0.107119,0.705383,0.187498
10427.jpg,0.022448,0.747821,0.229730
10428.jpg,0.018523,0.159228,0.822250
10429.jpg,0.126547,0.669183,0.204269
10430.jpg,0.032621,0.368092,0.599288
10431.jpg,0.741652,0.238066,0.020282
10432.jpg,0.025204,0.135371,0.839425
10433.jpg,0.047835,0.872999,0.079167
10434.jpg,0.017124,0.065054,0.917822
10435.jpg,0.038614,0.295377,0.666009
10436.jpg,0.086727,0.832907,0.080366
10437.jpg,0.068516,0.731871,0.199613
10438.jpg,0.024688,0.121746,0.853567
10439.jpg,0.050991,0.177355,0.771653
10440.jpg,0.087484,0.143458,0.769058
10441.jpg,0.030841,0.687995,0.281164
10442.jpg,0.013607,0.385476,0.600917
10443.jpg,0.024002,0.193906,0.782092
10444.jpg,0.074462,0.867046,0.058493
10445.jpg,0.574788,0.184377,0.240835
10446.jpg,0.666721,0.305563,0.027716
10447.jpg,0.101195,0.829840,0.068965
10448.jpg,0.026881,0.151791,0.821328
10449.jpg,0.199288,0.544886,0.255826
10450.jpg,0.100761,0.481263,0.417975
10451.jpg,0.731229,0.231183,0.037588
10452.jpg,0.048540,0.902916,0.048544
10453.jpg,0.314345,0.670774,0.014881
10454.jpg,0.169305,0.785323,0.045372
10455.jpg,0.107929,0.813915,0.078157
10456.jpg,0.074943,0.758721,0.166335
10457.jpg,0.044554,0.266078,0.689368
10458.jpg,0.204860,0.669847,0.125293
10459.jpg,0.020747,0.052406,0.926848
10460.jpg,0.305030,0.663603,0.031367
10461.jpg,0.792825,0.186429,0.020746
10462.jpg,0.043442,0.233063,0.723494
10463.jpg,0.049252,0.901980,0.048769
10464.jpg,0.031871,0.225078,0.743050
10465.jpg,0.012152,0.194871,0.792977
10466.jpg,0.097376,0.447921,0.454703
10467.jpg,0.392522,0.586629,0.020849
10468.jpg,0.111802,0.640094,0.248104
10469.jpg,0.025802,0.087058,0.887140
10470.jpg,0.165098,0.556624,0.278278
10471.jpg,0.042700,0.357762,0.599539
10472.jpg,0.431817,0.514140,0.054043
10473.jpg,0.050512,0.766634,0.182854
10474.jpg,0.043421,0.226165,0.730414
10475.jpg,0.161959,0.726919,0.111123
10476.jpg,0.124631,0.200461,0.674908
10477.jpg,0.026460,0.102868,0.870672
10478.jpg,0.033096,0.201455,0.765449
10479.jpg,0.177622,0.746704,0.075674
10480.jpg,0.043179,0.833069,0.123751
10481.jpg,0.036536,0.073093,0.890371
10482.jpg,0.094233,0.264937,0.640830
10483.jpg,0.056328,0.433024,0.510648
10484.jpg,0.045591,0.793330,0.161078
10485.jpg,0.066466,0.354232,0.579302
10486.jpg,0.366851,0.618223,0.014927
10487.jpg,0.488361,0.425021,0.086619
10488.jpg,0.037512,0.738050,0.224439
10489.jpg,0.141273,0.826076,0.032651
10490.jpg,0.065905,0.893242,0.040853
10491.jpg,0.876442,0.112001,0.011557
10492.jpg,0.108194,0.675029,0.216777
10493.jpg,0.094088,0.793410,0.112502
10494.jpg,0.065834,0.898089,0.036077
10495.jpg,0.453495,0.500024,0.046481
10496.jpg,0.062607,0.337030,0.600363
10497.jpg,0.027963,0.080263,0.891775
10498.jpg,0.021292,0.191590,0.787118
10499.jpg,0.053231,0.476757,0.470012
10500.jpg,0.043320,0.612265,0.344415
10501.jpg,0.168777,0.704135,0.127088
10502.jpg,0.060017,0.413777,0.526207
10503.jpg,0.024175,0.083514,0.892311
10504.jpg,0.092395,0.835844,0.071762
10505.jpg,0.020743,0.066580,0.912677
10506.jpg,0.763084,0.231015,0.005901
10507.jpg,0.025388,0.843610,0.131003
10508.jpg,0.125635,0.794061,0.080304
10509.jpg,0.063230,0.785463,0.151307
10510.jpg,0.024933,0.112070,0.862997
10511.jpg,0.036289,0.187908,0.775803
10512.jpg,0.033230,0.195434,0.771336
10513.jpg,0.171607,0.787344,0.041049
10514.jpg,0.494093,0.427994,0.077913
10515.jpg,0.095326,0.867498,0.037176
10516.jpg,0.030251,0.876907,0.092842
10517.jpg,0.037583,0.344598,0.617819
10518.jpg,0.044364,0.187823,0.767814
10519.jpg,0.060328,0.895189,0.044483
10520.jpg,0.036159,0.280364,0.683477
10521.jpg,0.054826,0.665710,0.279464
10522.jpg,0.059708,0.886214,0.054078
10523.jpg,0.052904,0.642067,0.305029
10524.jpg,0.821665,0.175339,0.002998
10525.jpg,0.032767,0.131576,0.835658
10526.jpg,0.166269,0.728416,0.105315
10527.jpg,0.025041,0.143846,0.831112
10528.jpg,0.106824,0.858865,0.034311
10529.jpg,0.056181,0.892646,0.051172
10530.jpg,0.065736,0.787189,0.147075
10531.jpg,0.014365,0.103940,0.881695
10532.jpg,0.751903,0.230626,0.017471
10533.jpg,0.013221,0.116344,0.870434
10534.jpg,0.307622,0.639417,0.052961
10535.jpg,0.521484,0.454193,0.024323
10536.jpg,0.079050,0.828089,0.092861
10537.jpg,0.715972,0.255744,0.028284
10538.jpg,0.102809,0.789967,0.107224
10539.jpg,0.066492,0.879137,0.054371
10540.jpg,0.030193,0.295326,0.674481
10541.jpg,0.182250,0.747509,0.070240
10542.jpg,0.529896,0.459641,0.010463
10543.jpg,0.580647,0.403080,0.016273
10544.jpg,0.707346,0.229392,0.063261
10545.jpg,0.878054,0.115562,0.006383
10546.jpg,0.110677,0.774420,0.114903
10547.jpg,0.043644,0.892896,0.063460
10548.jpg,0.176315,0.782750,0.040935
10549.jpg,0.028252,0.573276,0.398472
10550.jpg,0.083013,0.777357,0.139630
10551.jpg,0.023962,0.833153,0.142885
10552.jpg,0.063483,0.817026,0.119492
10553.jpg,0.025093,0.075279,0.899628
10554.jpg,0.082406,0.835727,0.081867
10555.jpg,0.061998,0.892025,0.045977
10556.jpg,0.017755,0.198709,0.783535
10557.jpg,0.467218,0.449975,0.082806
10558.jpg,0.034237,0.122634,0.843129
10559.jpg,0.017904,0.120118,0.861978
10560.jpg,0.229454,0.702028,0.068518
10561.jpg,0.022869,0.187430,0.789701
10562.jpg,0.018206,0.076458,0.905336
10563.jpg,0.025366,0.113396,0.861238
10564.jpg,0.248903,0.737562,0.013534
10565.jpg,0.304393,0.424129,0.271477
10566.jpg,0.807523,0.188527,0.003950
10567.jpg,0.108245,0.526650,0.365105
10568.jpg,0.073030,0.140465,0.786505
10569.jpg,0.058417,0.879104,0.062479
10570.jpg,0.070890,0.889320,0.039790
10571.jpg,0.019758,0.053541,0.926700
10572.jpg,0.040397,0.305756,0.653847
10573.jpg,0.034808,0.886904,0.078288
10574.jpg,0.324644,0.363507,0.311848
10575.jpg,0.108290,0.321605,0.570105
10576.jpg,0.043357,0.824703,0.131940
10577.jpg,0.132850,0.841369,0.025780
10578.jpg,0.032491,0.833031,0.134478
10579.jpg,0.033016,0.295733,0.671251
10580.jpg,0.464450,0.426492,0.109058
10581.jpg,0.055906,0.858220,0.085874
10582.jpg,0.240233,0.695219,0.064548
10583.jpg,0.016803,0.067477,0.915720
10584.jpg,0.019926,0.105384,0.874690
10585.jpg,0.031694,0.093094,0.875212
10586.jpg,0.081379,0.793927,0.124694
10587.jpg,0.281189,0.709920,0.008890
10588.jpg,0.105095,0.583398,0.311507
10589.jpg,0.832419,0.165694,0.001886
10590.jpg,0.511505,0.376976,0.111520
10591.jpg,0.034242,0.207781,0.757977
10592.jpg,0.054846,0.834990,0.110164
10593.jpg,0.027848,0.108572,0.863580
10594.jpg,0.665539,0.328064,0.006396
10595.jpg,0.025732,0.066196,0.908072
10596.jpg,0.202285,0.748548,0.049167
10597.jpg,0.059040,0.653938,0.287022
