image_name,Type_1,Type_2,Type_3
0.jpg,0.234051,0.683308,0.082641
1.jpg,0.042924,0.770413,0.186663
2.jpg,0.299430,0.655719,0.044850
3.jpg,0.074141,0.394546,0.531313
4.jpg,0.041562,0.106315,0.852122
5.jpg,0.294589,0.636596,0.068815
6.jpg,0.317341,0.626143,0.056516
7.jpg,0.046621,0.243177,0.710202
8.jpg,0.259153,0.655948,0.084899
9.jpg,0.053182,0.810280,0.136538
10.jpg,0.224661,0.709156,0.066183
11.jpg,0.027524,0.097994,0.874483
12.jpg,0.025975,0.194724,0.779302
13.jpg,0.043573,0.122922,0.833505
14.jpg,0.085387,0.513366,0.401247
15.jpg,0.051675,0.182366,0.765959
16.jpg,0.653400,0.294203,0.052397
17.jpg,0.323388,0.569561,0.107051
18.jpg,0.069699,0.855384,0.074916
19.jpg,0.069257,0.197035,0.733708
20.jpg,0.942646,0.029728,0.027626
21.jpg,0.362894,0.573172,0.063934
22.jpg,0.048587,0.885305,0.066108
23.jpg,0.537869,0.393142,0.068988
24.jpg,0.500883,0.408937,0.090179
25.jpg,0.134955,0.760465,0.104581
26.jpg,0.279794,0.682527,0.037678
27.jpg,0.025362,0.282085,0.692552
28.jpg,0.096701,0.683206,0.220094
29.jpg,0.079599,0.793339,0.127062
30.jpg,0.180114,0.726036,0.093850
31.jpg,0.376082,0.567064,0.056854
32.jpg,0.608564,0.163352,0.228084
33.jpg,0.505644,0.375363,0.118992
34.jpg,0.149846,0.652162,0.197992
35.jpg,0.024823,0.724837,0.250340
36.jpg,0.110573,0.822373,0.067054
37.jpg,0.677277,0.241352,0.081370
38.jpg,0.112428,0.623888,0.263684
39.jpg,0.109880,0.631416,0.258704
40.jpg,0.034081,0.161407,0.804512
41.jpg,0.052903,0.228734,0.718362
42.jpg,0.061940,0.834601,0.103460
43.jpg,0.066679,0.733461,0.199860
44.jpg,0.123612,0.698167,0.178221
45.jpg,0.044474,0.289540,0.665987
46.jpg,0.045031,0.136909,0.818060
47.jpg,0.773636,0.187902,0.038461
48.jpg,0.035088,0.111476,0.853436
49.jpg,0.031818,0.158031,0.810151
50.jpg,0.035649,0.267687,0.696663
51.jpg,0.959805,0.014933,0.025262
52.jpg,0.075670,0.230742,0.693589
53.jpg,0.037536,0.172547,0.789917
54.jpg,0.027101,0.186147,0.786752
55.jpg,0.179692,0.083262,0.737046
56.jpg,0.059762,0.873345,0.066892
57.jpg,0.266451,0.611341,0.122208
58.jpg,0.080739,0.487639,0.431622
59.jpg,0.893423,0.060491,0.046087
60.jpg,0.023470,0.399397,0.577134
61.jpg,0.120486,0.799411,0.080103
62.jpg,0.042784,0.213758,0.743458
63.jpg,0.046424,0.795189,0.158386
64.jpg,0.184903,0.751470,0.063627
65.jpg,0.943890,0.024930,0.031180
66.jpg,0.039310,0.119741,0.840949
67.jpg,0.028950,0.089082,0.881968
68.jpg,0.078001,0.842023,0.079977
69.jpg,0.155733,0.475481,0.368786
70.jpg,0.848164,0.133712,0.018124
71.jpg,0.160687,0.733433,0.105879
72.jpg,0.152896,0.788086,0.059018
73.jpg,0.122545,0.599192,0.278263
74.jpg,0.054281,0.437628,0.508091
75.jpg,0.104402,0.800814,0.094784
76.jpg,0.054842,0.096043,0.849115
77.jpg,0.168337,0.704185,0.127478
78.jpg,0.026416,0.086959,0.886625
79.jpg,0.849107,0.127183,0.023710
80.jpg,0.083740,0.209987,0.706273
81.jpg,0.150187,0.551195,0.298618
82.jpg,0.742379,0.196223,0.061398
83.jpg,0.027830,0.143435,0.828734
84.jpg,0.906002,0.057823,0.036175
85.jpg,0.065243,0.878386,0.056371
86.jpg,0.026924,0.089848,0.883228
87.jpg,0.038377,0.101358,0.860265
88.jpg,0.197557,0.690668,0.111776
89.jpg,0.035832,0.258861,0.705307
90.jpg,0.807522,0.126674,0.065804
91.jpg,0.413772,0.550889,0.035339
92.jpg,0.031883,0.168164,0.799953
93.jpg,0.052162,0.885119,0.062719
94.jpg,0.077444,0.823142,0.099414
95.jpg,0.057675,0.830423,0.111903
96.jpg,0.465889,0.492572,0.041539
97.jpg,0.536165,0.071779,0.392056
98.jpg,0.297339,0.633562,0.069100
99.jpg,0.049098,0.206616,0.744286
100.jpg,0.075563,0.855729,0.068708
101.jpg,0.714027,0.243034,0.042940
102.jpg,0.647617,0.239004,0.113378
103.jpg,0.311531,0.595131,0.093338
104.jpg,0.059436,0.140391,0.800173
105.jpg,0.029911,0.091815,0.878274
106.jpg,0.062622,0.772415,0.164963
107.jpg,0.044330,0.611205,0.344465
108.jpg,0.026705,0.517205,0.456090
109.jpg,0.029660,0.206906,0.763434
110.jpg,0.050912,0.886852,0.062237
111.jpg,0.047640,0.715090,0.237270
112.jpg,0.034110,0.650876,0.315014
113.jpg,0.024193,0.550955,0.424852
114.jpg,0.089934,0.288049,0.622017
115.jpg,0.073354,0.810013,0.116633
116.jpg,0.035305,0.146140,0.818555
117.jpg,0.236795,0.606258,0.156946
118.jpg,0.034945,0.131158,0.833897
119.jpg,0.376696,0.190503,0.432801
120.jpg,0.047941,0.876684,0.075374
121.jpg,0.080053,0.845803,0.074144
122.jpg,0.024942,0.158125,0.816933
123.jpg,0.555598,0.379568,0.064834
124.jpg,0.033698,0.098873,0.867430
125.jpg,0.075852,0.644472,0.279676
126.jpg,0.052540,0.882704,0.064756
127.jpg,0.066934,0.791784,0.141282
128.jpg,0.051040,0.884698,0.064262
129.jpg,0.066851,0.827984,0.105165
130.jpg,0.782098,0.187351,0.030551
131.jpg,0.024329,0.110517,0.865154
132.jpg,0.097921,0.278394,0.623685
133.jpg,0.080129,0.147346,0.772524
134.jpg,0.046440,0.889985,0.063575
135.jpg,0.105258,0.741738,0.153004
136.jpg,0.053621,0.879378,0.067001
137.jpg,0.334836,0.581931,0.083234
138.jpg,0.157194,0.396731,0.446074
139.jpg,0.060454,0.861976,0.077570
140.jpg,0.066400,0.867621,0.065979
141.jpg,0.031761,0.283714,0.684525
142.jpg,0.904687,0.064651,0.030662
143.jpg,0.033289,0.263821,0.702890
144.jpg,0.215061,0.720264,0.064675
145.jpg,0.033118,0.099396,0.867486
146.jpg,0.054931,0.886679,0.058390
147.jpg,0.048232,0.859606,0.092163
148.jpg,0.142638,0.680244,0.177119
149.jpg,0.080963,0.251147,0.667890
150.jpg,0.714172,0.203043,0.082785
151.jpg,0.039665,0.233947,0.726388
152.jpg,0.042528,0.897149,0.060323
153.jpg,0.025726,0.132785,0.841490
154.jpg,0.873305,0.076071,0.050624
155.jpg,0.086926,0.325720,0.587354
156.jpg,0.076773,0.712524,0.210703
157.jpg,0.047441,0.607552,0.345007
158.jpg,0.070707,0.218211,0.711082
159.jpg,0.127888,0.709597,0.162515
160.jpg,0.082441,0.827038,0.090521
161.jpg,0.090336,0.576151,0.333513
162.jpg,0.064302,0.488408,0.447290
163.jpg,0.049026,0.680810,0.270164
164.jpg,0.049594,0.655428,0.294978
165.jpg,0.943979,0.025810,0.030212
166.jpg,0.120205,0.472777,0.407018
167.jpg,0.037883,0.194929,0.767188
168.jpg,0.095649,0.745457,0.158894
169.jpg,0.080533,0.823416,0.096051
170.jpg,0.114451,0.817145,0.068403
171.jpg,0.075105,0.167992,0.756903
172.jpg,0.037138,0.429742,0.533120
173.jpg,0.079759,0.374406,0.545835
174.jpg,0.671917,0.146667,0.181417
175.jpg,0.096359,0.457798,0.445843
176.jpg,0.037880,0.780144,0.181976
177.jpg,0.060068,0.870256,0.069676
178.jpg,0.038589,0.150836,0.810575
179.jpg,0.574427,0.367026,0.058547
180.jpg,0.046736,0.408038,0.545226
181.jpg,0.116113,0.309023,0.574863
182.jpg,0.026437,0.114330,0.859233
183.jpg,0.278384,0.613708,0.107908
184.jpg,0.039275,0.146098,0.814627
185.jpg,0.059842,0.381537,0.558621
186.jpg,0.047538,0.886279,0.066183
187.jpg,0.296969,0.507296,0.195735
188.jpg,0.041735,0.122550,0.835715
189.jpg,0.066049,0.393870,0.540081
190.jpg,0.053241,0.887911,0.058848
191.jpg,0.024375,0.169237,0.806388
192.jpg,0.116041,0.314967,0.568991
193.jpg,0.807981,0.146625,0.045394
194.jpg,0.049749,0.456144,0.494107
195.jpg,0.111389,0.802900,0.085711
196.jpg,0.871536,0.092889,0.035575
197.jpg,0.460019,0.401895,0.138086
198.jpg,0.043816,0.372606,0.583578
199.jpg,0.050510,0.257482,0.692008
200.jpg,0.112259,0.802437,0.085304
201.jpg,0.209238,0.691282,0.099480
202.jpg,0.365803,0.531874,0.102323
203.jpg,0.022270,0.724890,0.252839
204.jpg,0.029393,0.125445,0.845162
205.jpg,0.042518,0.217202,0.740281
206.jpg,0.107569,0.797650,0.094780
207.jpg,0.031709,0.268562,0.699730
208.jpg,0.025926,0.160581,0.813492
209.jpg,0.031248,0.084558,0.884194
210.jpg,0.066072,0.450145,0.483783
211.jpg,0.433326,0.520027,0.046647
212.jpg,0.055967,0.799832,0.144201
213.jpg,0.046188,0.192342,0.761471
214.jpg,0.356727,0.536664,0.106608
215.jpg,0.244452,0.678423,0.077126
216.jpg,0.054285,0.881266,0.064449
217.jpg,0.100916,0.826165,0.072919
218.jpg,0.092098,0.835431,0.072471
219.jpg,0.070764,0.302166,0.627070
220.jpg,0.141530,0.793654,0.064817
221.jpg,0.032125,0.366625,0.601249
222.jpg,0.034998,0.452023,0.512979
223.jpg,0.028571,0.090175,0.881254
224.jpg,0.026492,0.085847,0.887661
225.jpg,0.056092,0.766909,0.176999
226.jpg,0.064082,0.276759,0.659159
227.jpg,0.059500,0.847991,0.092509
228.jpg,0.042135,0.887559,0.070306
229.jpg,0.082074,0.804789,0.113138
230.jpg,0.431590,0.237965,0.330446
231.jpg,0.954675,0.019855,0.025470
232.jpg,0.929900,0.036925,0.033174
233.jpg,0.567934,0.365223,0.066843
234.jpg,0.266595,0.089301,0.644104
235.jpg,0.040619,0.790379,0.169001
236.jpg,0.064216,0.822792,0.112992
237.jpg,0.032857,0.190932,0.776211
238.jpg,0.036019,0.128499,0.835482
239.jpg,0.050437,0.867436,0.082127
240.jpg,0.102717,0.283361,0.613922
241.jpg,0.078549,0.688308,0.233143
242.jpg,0.054819,0.811711,0.133470
243.jpg,0.515111,0.436439,0.048450
244.jpg,0.028266,0.157818,0.813916
245.jpg,0.291129,0.670089,0.038782
246.jpg,0.054106,0.801448,0.144446
247.jpg,0.120959,0.553759,0.325282
248.jpg,0.043207,0.508014,0.448780
249.jpg,0.330170,0.558274,0.111556
250.jpg,0.043549,0.811203,0.145248
251.jpg,0.058274,0.872921,0.068806
252.jpg,0.154386,0.710712,0.134902
253.jpg,0.089424,0.732094,0.178482
254.jpg,0.027470,0.084963,0.887567
255.jpg,0.031618,0.861157,0.107225
256.jpg,0.053457,0.168203,0.778340
257.jpg,0.048751,0.884702,0.066547
258.jpg,0.031788,0.610699,0.357513
259.jpg,0.046639,0.359135,0.594226
260.jpg,0.743470,0.215234,0.041296
261.jpg,0.394131,0.407026,0.198843
262.jpg,0.421035,0.538748,0.040217
263.jpg,0.065398,0.870099,0.064503
264.jpg,0.051481,0.223738,0.724780
265.jpg,0.072056,0.382638,0.545305
266.jpg,0.030815,0.108749,0.860436
267.jpg,0.610527,0.330573,0.058900
268.jpg,0.661135,0.298085,0.040780
269.jpg,0.742862,0.201410,0.055728
270.jpg,0.029649,0.083088,0.887263
271.jpg,0.258004,0.515316,0.226680
272.jpg,0.106316,0.631954,0.261730
273.jpg,0.092244,0.635112,0.272644
274.jpg,0.531738,0.424700,0.043562
275.jpg,0.061306,0.099164,0.839530
276.jpg,0.020142,0.504193,0.475665
277.jpg,0.403602,0.531125,0.065273
278.jpg,0.086593,0.722908,0.190499
279.jpg,0.022120,0.307755,0.670124
280.jpg,0.067419,0.835630,0.096951
281.jpg,0.047980,0.267247,0.684772
282.jpg,0.057994,0.879032,0.062974
283.jpg,0.028930,0.158217,0.812852
284.jpg,0.027806,0.109671,0.862523
285.jpg,0.620751,0.336880,0.042369
286.jpg,0.045255,0.869265,0.085480
287.jpg,0.026940,0.119530,0.853530
288.jpg,0.038621,0.867593,0.093787
289.jpg,0.914894,0.062961,0.022145
290.jpg,0.041098,0.855839,0.103063
291.jpg,0.378662,0.539037,0.082301
292.jpg,0.454473,0.298546,0.246982
293.jpg,0.949495,0.029194,0.021311
294.jpg,0.049614,0.856494,0.093892
295.jpg,0.068801,0.832445,0.098754
296.jpg,0.048656,0.885070,0.066275
297.jpg,0.632682,0.312264,0.055054
298.jpg,0.031830,0.327140,0.641030
299.jpg,0.125334,0.827234,0.047432
300.jpg,0.048348,0.886770,0.064882
301.jpg,0.062928,0.673034,0.264038
302.jpg,0.031745,0.659571,0.308683
303.jpg,0.176380,0.760685,0.062935
304.jpg,0.953600,0.019793,0.026607
305.jpg,0.064124,0.838260,0.097616
306.jpg,0.571016,0.315460,0.113525
307.jpg,0.031244,0.103605,0.865151
308.jpg,0.908345,0.066477,0.025178
309.jpg,0.045594,0.372067,0.582339
310.jpg,0.029731,0.772562,0.197707
311.jpg,0.028632,0.125746,0.845622
312.jpg,0.932580,0.034891,0.032529
313.jpg,0.041408,0.234700,0.723892
314.jpg,0.049813,0.890158,0.060029
315.jpg,0.150642,0.779289,0.070069
316.jpg,0.938085,0.038374,0.023541
317.jpg,0.785111,0.111865,0.103024
318.jpg,0.078986,0.871268,0.049746
319.jpg,0.049365,0.788449,0.162187
320.jpg,0.089326,0.811968,0.098706
321.jpg,0.232422,0.445550,0.322028
322.jpg,0.109460,0.439243,0.451297
323.jpg,0.070873,0.638138,0.290989
324.jpg,0.146472,0.778628,0.074900
325.jpg,0.034050,0.141795,0.824155
326.jpg,0.025723,0.097363,0.876913
327.jpg,0.062965,0.426247,0.510787
328.jpg,0.060358,0.372999,0.566643
329.jpg,0.068273,0.599544,0.332183
330.jpg,0.123248,0.819961,0.056791
331.jpg,0.775142,0.195268,0.029591
332.jpg,0.055068,0.615289,0.329643
333.jpg,0.027246,0.091763,0.880990
334.jpg,0.028289,0.092663,0.879048
335.jpg,0.029613,0.100304,0.870083
336.jpg,0.925555,0.045211,0.029234
337.jpg,0.022614,0.253879,0.723507
338.jpg,0.202285,0.725274,0.072441
339.jpg,0.031910,0.177916,0.790174
340.jpg,0.101436,0.740605,0.157959
341.jpg,0.047573,0.800381,0.152046
342.jpg,0.089485,0.646956,0.263558
343.jpg,0.037018,0.232965,0.730017
344.jpg,0.922741,0.052737,0.024522
345.jpg,0.931419,0.043380,0.025201
346.jpg,0.058627,0.758967,0.182406
347.jpg,0.288478,0.650259,0.061263
348.jpg,0.068466,0.762331,0.169203
349.jpg,0.124778,0.732500,0.142722
350.jpg,0.033980,0.517711,0.448309
351.jpg,0.050019,0.340797,0.609184
352.jpg,0.077539,0.677687,0.244775
353.jpg,0.028757,0.253712,0.717532
354.jpg,0.095889,0.847149,0.056962
355.jpg,0.948652,0.022947,0.028401
356.jpg,0.960288,0.014818,0.024894
357.jpg,0.086110,0.796633,0.117257
358.jpg,0.096259,0.851279,0.052462
359.jpg,0.029392,0.127584,0.843025
360.jpg,0.049555,0.883736,0.066708
361.jpg,0.493409,0.354037,0.152554
362.jpg,0.036038,0.694979,0.268983
363.jpg,0.124652,0.731517,0.143831
364.jpg,0.042323,0.128385,0.829293
365.jpg,0.074896,0.830905,0.094199
366.jpg,0.032156,0.190506,0.777338
367.jpg,0.889337,0.077383,0.033279
368.jpg,0.289287,0.531090,0.179623
369.jpg,0.055051,0.868145,0.076803
370.jpg,0.057467,0.837036,0.105498
371.jpg,0.901387,0.075098,0.023515
372.jpg,0.037634,0.099314,0.863052
373.jpg,0.081729,0.855199,0.063072
374.jpg,0.097049,0.719284,0.183667
375.jpg,0.062534,0.879723,0.057743
376.jpg,0.044119,0.127175,0.828706
377.jpg,0.056524,0.839462,0.104014
378.jpg,0.053948,0.659328,0.286724
379.jpg,0.067078,0.175077,0.757846
380.jpg,0.073235,0.759721,0.167044
381.jpg,0.132661,0.717754,0.149585
382.jpg,0.934182,0.034300,0.031518
383.jpg,0.101124,0.776420,0.122456
384.jpg,0.042898,0.785474,0.171628
385.jpg,0.057151,0.744074,0.198775
386.jpg,0.036511,0.109684,0.853805
387.jpg,0.025799,0.471580,0.502621
388.jpg,0.081873,0.273189,0.644939
389.jpg,0.046556,0.872410,0.081034
390.jpg,0.062384,0.863583,0.074033
391.jpg,0.021397,0.280058,0.698545
392.jpg,0.133654,0.552592,0.313755
393.jpg,0.024129,0.199872,0.775999
394.jpg,0.083616,0.786425,0.129959
395.jpg,0.204311,0.709075,0.086615
396.jpg,0.052635,0.888556,0.058810
397.jpg,0.155165,0.772462,0.072373
398.jpg,0.037924,0.106750,0.855326
399.jpg,0.401577,0.328669,0.269754
400.jpg,0.031410,0.214781,0.753809
401.jpg,0.027854,0.748751,0.223395
402.jpg,0.439336,0.491274,0.069390
403.jpg,0.437653,0.407628,0.154719
404.jpg,0.155573,0.771311,0.073116
405.jpg,0.101963,0.836965,0.061072
406.jpg,0.923827,0.047374,0.028799
407.jpg,0.057095,0.883092,0.059813
408.jpg,0.264421,0.575223,0.160356
409.jpg,0.041628,0.190792,0.767580
410.jpg,0.328166,0.522784,0.149050
411.jpg,0.086292,0.807711,0.105997
412.jpg,0.048936,0.711870,0.239194
413.jpg,0.028225,0.340791,0.630984
414.jpg,0.035109,0.299963,0.664929
415.jpg,0.919386,0.047295,0.033319
416.jpg,0.831018,0.085690,0.083293
417.jpg,0.229192,0.708202,0.062606
418.jpg,0.044350,0.175303,0.780347
419.jpg,0.699053,0.225300,0.075647
420.jpg,0.030350,0.531074,0.438576
421.jpg,0.435148,0.407508,0.157344
422.jpg,0.071953,0.289271,0.638776
423.jpg,0.054697,0.177661,0.767642
424.jpg,0.080275,0.545283,0.374442
425.jpg,0.028191,0.091410,0.880400
426.jpg,0.042414,0.403494,0.554091
427.jpg,0.046270,0.872304,0.081426
428.jpg,0.040076,0.242474,0.717451
429.jpg,0.030206,0.118802,0.850992
430.jpg,0.227316,0.684001,0.088683
431.jpg,0.952144,0.022257,0.025599
432.jpg,0.026827,0.091993,0.881180
433.jpg,0.047106,0.270616,0.682279
434.jpg,0.341745,0.571557,0.086697
435.jpg,0.027486,0.294152,0.678362
436.jpg,0.377912,0.576442,0.045646
437.jpg,0.255836,0.688796,0.055368
438.jpg,0.044009,0.895115,0.060876
439.jpg,0.060776,0.799003,0.140221
440.jpg,0.037750,0.143362,0.818888
441.jpg,0.048985,0.876287,0.074727
442.jpg,0.446298,0.474120,0.079582
443.jpg,0.184793,0.416441,0.398766
444.jpg,0.140416,0.722033,0.137551
445.jpg,0.376689,0.210955,0.412356
446.jpg,0.163343,0.513743,0.322914
447.jpg,0.129648,0.708220,0.162132
448.jpg,0.043433,0.795176,0.161391
449.jpg,0.263476,0.655913,0.080610
450.jpg,0.037335,0.183915,0.778750
451.jpg,0.075996,0.669805,0.254200
452.jpg,0.022307,0.289012,0.688680
453.jpg,0.378770,0.528566,0.092664
454.jpg,0.688172,0.237108,0.074720
455.jpg,0.215122,0.378170,0.406708
456.jpg,0.576398,0.285344,0.138258
457.jpg,0.838885,0.127890,0.033225
458.jpg,0.149093,0.757090,0.093817
459.jpg,0.091416,0.865470,0.043114
460.jpg,0.295425,0.607905,0.096670
461.jpg,0.112237,0.755520,0.132243
462.jpg,0.100699,0.657907,0.241394
463.jpg,0.107074,0.695731,0.197195
464.jpg,0.153594,0.784823,0.061583
465.jpg,0.056364,0.885760,0.057876
466.jpg,0.109041,0.802616,0.088343
467.jpg,0.942754,0.024607,0.032639
468.jpg,0.185709,0.573601,0.240690
469.jpg,0.068800,0.673508,0.257692
470.jpg,0.552329,0.391270,0.056400
471.jpg,0.102852,0.845538,0.051610
472.jpg,0.217400,0.505768,0.276832
473.jpg,0.034492,0.676826,0.288682
474.jpg,0.158792,0.358246,0.482962
475.jpg,0.087222,0.800032,0.112746
476.jpg,0.084504,0.857338,0.058158
477.jpg,0.903041,0.056752,0.040207
478.jpg,0.161031,0.717617,0.121352
479.jpg,0.218410,0.618317,0.163273
480.jpg,0.180739,0.633658,0.185603
481.jpg,0.031215,0.109953,0.858831
482.jpg,0.945558,0.030830,0.023611
483.jpg,0.378489,0.331450,0.290061
484.jpg,0.088475,0.252089,0.659436
485.jpg,0.047831,0.435418,0.516752
486.jpg,0.088262,0.550367,0.361371
487.jpg,0.873053,0.096777,0.030170
488.jpg,0.083471,0.840404,0.076126
489.jpg,0.731840,0.106386,0.161774
490.jpg,0.063266,0.794448,0.142286
491.jpg,0.056704,0.771976,0.171320
492.jpg,0.784713,0.153003,0.062283
493.jpg,0.467766,0.425424,0.106809
494.jpg,0.051372,0.730936,0.217691
495.jpg,0.101370,0.804699,0.093931
496.jpg,0.203007,0.290421,0.506573
497.jpg,0.162911,0.776007,0.061082
498.jpg,0.105417,0.748033,0.146550
499.jpg,0.030697,0.090138,0.879165
500.jpg,0.147963,0.769878,0.082159
501.jpg,0.238324,0.697177,0.064499
502.jpg,0.030654,0.206648,0.762698
503.jpg,0.047365,0.457404,0.495230
504.jpg,0.026094,0.107242,0.866663
505.jpg,0.117029,0.808550,0.074420
506.jpg,0.120744,0.702046,0.177210
507.jpg,0.314347,0.535247,0.150406
508.jpg,0.129297,0.710907,0.159796
509.jpg,0.061422,0.879548,0.059031
510.jpg,0.063736,0.246562,0.689702
511.jpg,0.038356,0.242620,0.719024
10000.jpg,0.124174,0.790665,0.085161
10001.jpg,0.280017,0.459224,0.260759
10002.jpg,0.067129,0.483705,0.449165
10003.jpg,0.941712,0.022938,0.035350
10004.jpg,0.048337,0.893117,0.058546
10005.jpg,0.135336,0.763004,0.101660
10006.jpg,0.146799,0.595018,0.258183
10007.jpg,0.602211,0.347757,0.050031
10008.jpg,0.058901,0.814743,0.126356
10009.jpg,0.143536,0.742551,0.113913
10010.jpg,0.030300,0.093952,0.875748
10011.jpg,0.161509,0.094275,0.744215
10012.jpg,0.078652,0.752894,0.168454
10013.jpg,0.047224,0.369016,0.583760
10014.jpg,0.063915,0.844052,0.092033
10015.jpg,0.027092,0.357458,0.615450
10016.jpg,0.165861,0.709250,0.124890
10017.jpg,0.083664,0.353358,0.562978
10018.jpg,0.102186,0.331326,0.566488
10019.jpg,0.072361,0.864237,0.063402
10020.jpg,0.048303,0.774847,0.176850
10021.jpg,0.060480,0.513730,0.425789
10022.jpg,0.182001,0.362485,0.455514
10023.jpg,0.105588,0.565861,0.328551
10024.jpg,0.035387,0.183579,0.781033
10025.jpg,0.070118,0.853827,0.076055
10026.jpg,0.095868,0.400676,0.503456
10027.jpg,0.081041,0.790867,0.128092
10028.jpg,0.064860,0.605310,0.329830
10029.jpg,0.908694,0.050993,0.040313
10030.jpg,0.039897,0.260247,0.699856
10031.jpg,0.041603,0.164628,0.793769
10032.jpg,0.052496,0.617027,0.330477
10033.jpg,0.124960,0.775420,0.099620
10034.jpg,0.124350,0.695922,0.179728
10035.jpg,0.074274,0.561916,0.363810
10036.jpg,0.432620,0.445836,0.121544
10037.jpg,0.180503,0.683010,0.136486
10038.jpg,0.043184,0.895295,0.061522
10039.jpg,0.926384,0.034908,0.038707
10040.jpg,0.122410,0.170524,0.707066
10041.jpg,0.149989,0.773149,0.076862
10042.jpg,0.037727,0.394986,0.567287
10043.jpg,0.062685,0.810625,0.126690
10044.jpg,0.054478,0.484103,0.461419
10045.jpg,0.582429,0.323948,0.093623
10046.jpg,0.882773,0.086386,0.030842
10047.jpg,0.411679,0.523143,0.065178
10048.jpg,0.133976,0.625019,0.241005
10049.jpg,0.044845,0.571969,0.383186
10050.jpg,0.074725,0.804976,0.120298
10051.jpg,0.084123,0.699462,0.216416
10052.jpg,0.079244,0.371734,0.549022
10053.jpg,0.058988,0.295445,0.645567
10054.jpg,0.061794,0.785777,0.152429
10055.jpg,0.488959,0.205094,0.305948
10056.jpg,0.069921,0.864926,0.065153
10057.jpg,0.084994,0.829335,0.085671
10058.jpg,0.806045,0.160813,0.033142
10059.jpg,0.065870,0.302800,0.631330
10060.jpg,0.232202,0.693198,0.074600
10061.jpg,0.269833,0.574647,0.155520
10062.jpg,0.303599,0.103439,0.592962
10063.jpg,0.121577,0.806249,0.072175
10064.jpg,0.054763,0.887994,0.057243
10065.jpg,0.063921,0.459131,0.476948
10066.jpg,0.039825,0.127955,0.832220
10067.jpg,0.745945,0.196854,0.057200
10068.jpg,0.025186,0.843670,0.131144
10069.jpg,0.915374,0.038788,0.045838
10070.jpg,0.124152,0.820518,0.055330
10071.jpg,0.050658,0.859849,0.089493
10072.jpg,0.044294,0.107516,0.848191
10073.jpg,0.087085,0.844726,0.068189
10074.jpg,0.131229,0.771701,0.097070
10075.jpg,0.384319,0.567983,0.047698
10076.jpg,0.030412,0.163815,0.805773
10077.jpg,0.029130,0.359247,0.611623
10078.jpg,0.768674,0.189192,0.042135
10079.jpg,0.027900,0.116241,0.855859
10080.jpg,0.042395,0.250404,0.707201
10081.jpg,0.668766,0.270201,0.061033
10082.jpg,0.279262,0.593060,0.127678
10083.jpg,0.031532,0.117726,0.850742
10084.jpg,0.189873,0.398457,0.411670
10085.jpg,0.134315,0.815290,0.050395
10086.jpg,0.061511,0.753336,0.185154
10087.jpg,0.051687,0.882245,0.066068
10088.jpg,0.029860,0.254341,0.715800
10089.jpg,0.061460,0.682588,0.255951
10090.jpg,0.769309,0.146923,0.083767
10091.jpg,0.065959,0.700127,0.233914
10092.jpg,0.078297,0.709354,0.212349
10093.jpg,0.072161,0.777627,0.150212
10094.jpg,0.059307,0.416804,0.523889
10095.jpg,0.145847,0.075458,0.778695
10096.jpg,0.897273,0.076989,0.025739
10097.jpg,0.208553,0.635124,0.156323
10098.jpg,0.084958,0.832757,0.082285
10099.jpg,0.103696,0.767169,0.129135
10100.jpg,0.058243,0.333299,0.608458
10101.jpg,0.107989,0.816742,0.075269
10102.jpg,0.073313,0.756018,0.170669
10103.jpg,0.025224,0.092974,0.881801
10104.jpg,0.047003,0.520390,0.432606
10105.jpg,0.042694,0.418569,0.538737
10106.jpg,0.046016,0.144349,0.809635
10107.jpg,0.120343,0.421386,0.458271
10108.jpg,0.102644,0.813429,0.083927
10109.jpg,0.049258,0.303053,0.647689
10110.jpg,0.034117,0.238726,0.727157
10111.jpg,0.106582,0.830942,0.062476
10112.jpg,0.035818,0.192742,0.771440
10113.jpg,0.016949,0.457472,0.525579
10114.jpg,0.128454,0.770481,0.101065
10115.jpg,0.033871,0.143689,0.822440
10116.jpg,0.258872,0.674563,0.066565
10117.jpg,0.912633,0.056764,0.030603
10118.jpg,0.097289,0.832367,0.070344
10119.jpg,0.846994,0.073702,0.079304
10120.jpg,0.189575,0.714548,0.095878
10121.jpg,0.056941,0.285809,0.657250
10122.jpg,0.065368,0.865126,0.069506
10123.jpg,0.667285,0.279476,0.053240
10124.jpg,0.150526,0.787689,0.061785
10125.jpg,0.045261,0.422469,0.532271
10126.jpg,0.073838,0.858647,0.067515
10127.jpg,0.204958,0.149576,0.645466
10128.jpg,0.024332,0.702586,0.273082
10129.jpg,0.129469,0.680379,0.190153
10130.jpg,0.093642,0.800186,0.106172
10131.jpg,0.063489,0.862476,0.074034
10132.jpg,0.524287,0.415605,0.060109
10133.jpg,0.182473,0.717191,0.100336
10134.jpg,0.034603,0.189376,0.776021
10135.jpg,0.045989,0.429559,0.524451
10136.jpg,0.624924,0.305251,0.069825
10137.jpg,0.710133,0.088333,0.201534
10138.jpg,0.097188,0.816977,0.085835
10139.jpg,0.063620,0.500428,0.435952
10140.jpg,0.175067,0.672086,0.152847
10141.jpg,0.269234,0.656678,0.074088
10142.jpg,0.043777,0.872608,0.083615
10143.jpg,0.078206,0.239083,0.682710
10144.jpg,0.092482,0.818606,0.088911
10145.jpg,0.047508,0.464538,0.487955
10146.jpg,0.211871,0.555116,0.233013
10147.jpg,0.055102,0.859434,0.085464
10148.jpg,0.085901,0.286056,0.628043
10149.jpg,0.057514,0.432801,0.509685
10150.jpg,0.147857,0.756212,0.095931
10151.jpg,0.043017,0.424881,0.532103
10152.jpg,0.029012,0.224215,0.746773
10153.jpg,0.072945,0.531051,0.396004
10154.jpg,0.957251,0.018376,0.024373
10155.jpg,0.065530,0.859874,0.074597
10156.jpg,0.147762,0.712875,0.139363
10157.jpg,0.874279,0.104044,0.021677
10158.jpg,0.167756,0.738933,0.093311
10159.jpg,0.954647,0.020478,0.024875
10160.jpg,0.061950,0.824992,0.113058
10161.jpg,0.031985,0.110182,0.857833
10162.jpg,0.954897,0.020362,0.024742
10163.jpg,0.053024,0.749980,0.196997
10164.jpg,0.050725,0.197164,0.752111
10165.jpg,0.027733,0.098832,0.873435
10166.jpg,0.212904,0.506750,0.280346
10167.jpg,0.038397,0.837648,0.123955
10168.jpg,0.066650,0.792363,0.140986
10169.jpg,0.783913,0.171026,0.045061
10170.jpg,0.023244,0.151131,0.825625
10171.jpg,0.755230,0.156769,0.088000
10172.jpg,0.097327,0.154185,0.748489
10173.jpg,0.509761,0.296563,0.193676
10174.jpg,0.042402,0.151148,0.806450
10175.jpg,0.134215,0.417196,0.448589
10176.jpg,0.140632,0.634470,0.224898
10177.jpg,0.052071,0.866827,0.081103
10178.jpg,0.066842,0.792965,0.140193
10179.jpg,0.031970,0.140369,0.827660
10180.jpg,0.382402,0.493059,0.124539
10181.jpg,0.086683,0.183291,0.730026
10182.jpg,0.270399,0.670425,0.059176
10183.jpg,0.032922,0.142055,0.825023
10184.jpg,0.192585,0.720312,0.087103
10185.jpg,0.048868,0.597232,0.353900
10186.jpg,0.889432,0.085134,0.025434
10187.jpg,0.027491,0.162086,0.810424
10188.jpg,0.036513,0.204291,0.759196
10189.jpg,0.046707,0.348122,0.605171
10190.jpg,0.392663,0.509879,0.097458
10191.jpg,0.817279,0.135640,0.047081
10192.jpg,0.056597,0.794391,0.149012
10193.jpg,0.940817,0.029949,0.029234
10194.jpg,0.062773,0.809818,0.127408
10195.jpg,0.060812,0.162720,0.776468
10196.jpg,0.183293,0.703936,0.112770
10197.jpg,0.185020,0.617380,0.197601
10198.jpg,0.548459,0.390121,0.061420
10199.jpg,0.197859,0.732579,0.069562
10200.jpg,0.086388,0.791678,0.121934
10201.jpg,0.046607,0.888753,0.064641
10202.jpg,0.047681,0.207244,0.745076
10203.jpg,0.088278,0.481108,0.430614
10204.jpg,0.070250,0.764467,0.165282
10205.jpg,0.750182,0.205563,0.044255
10206.jpg,0.169567,0.724340,0.106093
10207.jpg,0.064277,0.868787,0.066937
10208.jpg,0.050909,0.835778,0.113313
10209.jpg,0.096717,0.688080,0.215203
10210.jpg,0.053065,0.368568,0.578367
10211.jpg,0.047294,0.892572,0.060134
10212.jpg,0.122885,0.746068,0.131047
10213.jpg,0.100714,0.795007,0.104279
10214.jpg,0.055043,0.882998,0.061959
10215.jpg,0.067509,0.232648,0.699843
10216.jpg,0.095470,0.820858,0.083672
10217.jpg,0.072543,0.854152,0.073304
10218.jpg,0.046386,0.892368,0.061246
10219.jpg,0.959139,0.016643,0.024218
10220.jpg,0.026480,0.331571,0.641949
10221.jpg,0.503988,0.405136,0.090876
10222.jpg,0.168944,0.066976,0.764080
10223.jpg,0.098978,0.221979,0.679043
10224.jpg,0.040782,0.394354,0.564863
10225.jpg,0.208250,0.324194,0.467556
10226.jpg,0.024588,0.109151,0.866261
10227.jpg,0.064831,0.164986,0.770183
10228.jpg,0.206414,0.692625,0.100961
10229.jpg,0.084759,0.804820,0.110421
10230.jpg,0.070714,0.832057,0.097230
10231.jpg,0.083503,0.693023,0.223474
10232.jpg,0.086738,0.429260,0.484002
10233.jpg,0.892315,0.078341,0.029344
10234.jpg,0.085998,0.713036,0.200966
10235.jpg,0.136768,0.775368,0.087864
10236.jpg,0.026063,0.120699,0.853237
10237.jpg,0.059764,0.319619,0.620617
10238.jpg,0.077823,0.864856,0.057321
10239.jpg,0.130976,0.751235,0.117789
10240.jpg,0.037113,0.287211,0.675676
10241.jpg,0.070474,0.734626,0.194900
10242.jpg,0.091821,0.827404,0.080774
10243.jpg,0.779037,0.180511,0.040452
10244.jpg,0.041709,0.259718,0.698573
10245.jpg,0.067159,0.335912,0.596930
10246.jpg,0.039508,0.738680,0.221811
10247.jpg,0.933295,0.047000,0.019706
10248.jpg,0.090993,0.342391,0.566615
10249.jpg,0.114688,0.706927,0.178384
10250.jpg,0.047930,0.420531,0.531539
10251.jpg,0.379826,0.540535,0.079639
10252.jpg,0.196939,0.422025,0.381036
10253.jpg,0.479752,0.409261,0.110987
10254.jpg,0.056151,0.435751,0.508098
10255.jpg,0.061611,0.855125,0.083264
10256.jpg,0.062408,0.804651,0.132941
10257.jpg,0.040627,0.267923,0.691450
10258.jpg,0.073731,0.722847,0.203421
10259.jpg,0.056104,0.162084,0.781812
10260.jpg,0.036148,0.142296,0.821556
10261.jpg,0.439286,0.306766,0.253948
10262.jpg,0.111103,0.827405,0.061492
10263.jpg,0.126963,0.598103,0.274934
10264.jpg,0.076737,0.851151,0.072112
10265.jpg,0.083959,0.307084,0.608956
10266.jpg,0.048063,0.883361,0.068576
10267.jpg,0.058623,0.851366,0.090010
10268.jpg,0.282588,0.603845,0.113567
10269.jpg,0.139326,0.798913,0.061761
10270.jpg,0.950712,0.027424,0.021864
10271.jpg,0.194778,0.762242,0.042980
10272.jpg,0.071999,0.774286,0.153715
10273.jpg,0.049988,0.862230,0.087782
10274.jpg,0.923662,0.037370,0.038969
10275.jpg,0.776009,0.183368,0.040623
10276.jpg,0.066005,0.861416,0.072579
10277.jpg,0.039804,0.643553,0.316643
10278.jpg,0.426512,0.399812,0.173676
10279.jpg,0.116035,0.254430,0.629536
10280.jpg,0.214820,0.618536,0.166644
10281.jpg,0.502173,0.419968,0.077859
10282.jpg,0.063536,0.193310,0.743154
10283.jpg,0.161739,0.744263,0.093998
10284.jpg,0.152531,0.208534,0.638934
10285.jpg,0.034014,0.150465,0.815521
10286.jpg,0.079758,0.335355,0.584886
10287.jpg,0.062520,0.859812,0.077668
10288.jpg,0.062248,0.682704,0.255048
10289.jpg,0.061164,0.278137,0.660698
10290.jpg,0.147511,0.421872,0.430617
10291.jpg,0.051579,0.883513,0.064907
10292.jpg,0.084242,0.420499,0.495259
10293.jpg,0.641034,0.298630,0.060335
10294.jpg,0.467627,0.353432,0.178941
10295.jpg,0.107667,0.740978,0.151355
10296.jpg,0.109492,0.703443,0.187064
10297.jpg,0.893182,0.060955,0.045863
10298.jpg,0.806589,0.130213,0.063198
10299.jpg,0.053376,0.871087,0.075536
10300.jpg,0.160493,0.755659,0.083848
10301.jpg,0.476323,0.073597,0.450080
10302.jpg,0.051140,0.113354,0.835506
10303.jpg,0.056578,0.345232,0.598190
10304.jpg,0.049383,0.256661,0.693956
10305.jpg,0.476589,0.486767,0.036644
10306.jpg,0.152520,0.769752,0.077728
10307.jpg,0.816207,0.136759,0.047034
10308.jpg,0.032517,0.093929,0.873554
10309.jpg,0.135391,0.509457,0.355152
10310.jpg,0.124258,0.268520,0.607222
10311.jpg,0.067039,0.469817,0.463144
10312.jpg,0.061949,0.862559,0.075492
10313.jpg,0.027841,0.299597,0.672562
10314.jpg,0.080392,0.844712,0.074895
10315.jpg,0.105656,0.383632,0.510712
10316.jpg,0.031778,0.536170,0.432052
10317.jpg,0.053773,0.883189,0.063037
10318.jpg,0.186652,0.292739,0.520609
10319.jpg,0.077288,0.857451,0.065261
10320.jpg,0.066290,0.815810,0.117900
10321.jpg,0.121122,0.254192,0.624685
10322.jpg,0.031738,0.177235,0.791027
10323.jpg,0.029710,0.281241,0.689050
10324.jpg,0.066598,0.842196,0.091206
10325.jpg,0.115246,0.235280,0.649474
10326.jpg,0.020504,0.328691,0.650804
10327.jpg,0.108162,0.599242,0.292595
10328.jpg,0.069612,0.849668,0.080721
10329.jpg,0.083056,0.851455,0.065490
10330.jpg,0.034597,0.194811,0.770592
10331.jpg,0.100311,0.843741,0.055948
10332.jpg,0.035912,0.120127,0.843961
10333.jpg,0.029659,0.094047,0.876294
10334.jpg,0.094850,0.785151,0.119999
10335.jpg,0.040080,0.446184,0.513736
10336.jpg,0.775115,0.160384,0.064502
10337.jpg,0.088266,0.833062,0.078671
10338.jpg,0.174132,0.686352,0.139517
10339.jpg,0.545326,0.388595,0.066079
10340.jpg,0.951194,0.024989,0.023817
10341.jpg,0.530570,0.420613,0.048816
10342.jpg,0.026765,0.454997,0.518238
10343.jpg,0.700098,0.232886,0.067016
10344.jpg,0.032472,0.179191,0.788337
10345.jpg,0.042733,0.156720,0.800546
10346.jpg,0.046134,0.523473,0.430393
10347.jpg,0.045779,0.878987,0.075233
10348.jpg,0.029768,0.164635,0.805597
10349.jpg,0.117600,0.837323,0.045076
10350.jpg,0.022401,0.249043,0.728555
10351.jpg,0.034577,0.724658,0.240766
10352.jpg,0.454481,0.456905,0.088613
10353.jpg,0.050329,0.215288,0.734383
10354.jpg,0.051649,0.779685,0.168665
10355.jpg,0.230148,0.692204,0.077649
10356.jpg,0.048977,0.324747,0.626277
10357.jpg,0.472875,0.426072,0.101053
10358.jpg,0.507103,0.158225,0.334672
10359.jpg,0.060534,0.856939,0.082528
10360.jpg,0.077051,0.736564,0.186385
10361.jpg,0.059374,0.795947,0.144679
10362.jpg,0.108343,0.813732,0.077925
10363.jpg,0.046493,0.671085,0.282422
10364.jpg,0.502550,0.416131,0.081320
10365.jpg,0.235277,0.533810,0.230913
10366.jpg,0.021988,0.344454,0.633558
10367.jpg,0.930525,0.039032,0.030442
10368.jpg,0.078838,0.443332,0.477830
10369.jpg,0.149598,0.563473,0.286928
10370.jpg,0.862216,0.096205,0.041579
10371.jpg,0.821508,0.127430,0.051062
10372.jpg,0.048009,0.889305,0.062686
10373.jpg,0.071450,0.373332,0.555217
10374.jpg,0.070157,0.789854,0.139989
10375.jpg,0.127728,0.812877,0.059395
10376.jpg,0.718048,0.247889,0.034062
10377.jpg,0.057888,0.148716,0.793396
10378.jpg,0.027297,0.081142,0.891561
10379.jpg,0.037153,0.152199,0.810648
10380.jpg,0.205574,0.689007,0.105419
10381.jpg,0.041500,0.129054,0.829447
10382.jpg,0.294623,0.634636,0.070742
10383.jpg,0.124951,0.726184,0.148865
10384.jpg,0.851507,0.109207,0.039286
10385.jpg,0.944965,0.023580,0.031455
10386.jpg,0.032425,0.207575,0.760000
10387.jpg,0.081122,0.852094,0.066784
10388.jpg,0.119022,0.776844,0.104134
10389.jpg,0.067222,0.687214,0.245564
10390.jpg,0.073724,0.851756,0.074520
10391.jpg,0.055943,0.175834,0.768223
10392.jpg,0.124599,0.399946,0.475455
10393.jpg,0.027336,0.099659,0.873005
10394.jpg,0.033405,0.166887,0.799708
10395.jpg,0.098334,0.741238,0.160427
10396.jpg,0.926450,0.051386,0.022164
10397.jpg,0.035003,0.846860,0.118137
10398.jpg,0.387088,0.547652,0.065260
10399.jpg,0.041883,0.124392,0.833725
10400.jpg,0.051048,0.863696,0.085256
10401.jpg,0.194756,0.721066,0.084178
10402.jpg,0.942236,0.036625,0.021138
10403.jpg,0.039869,0.138204,0.821927
10404.jpg,0.272860,0.525805,0.201335
10405.jpg,0.946328,0.028692,0.024980
10406.jpg,0.156588,0.788796,0.054616
10407.jpg,0.928065,0.045129,0.026806
10408.jpg,0.673146,0.279296,0.047558
10409.jpg,0.357319,0.534755,0.107926
10410.jpg,0.165528,0.774572,0.059901
10411.jpg,0.062369,0.858426,0.079205
10412.jpg,0.205303,0.717230,0.077466
10413.jpg,0.092072,0.805968,0.101960
10414.jpg,0.046437,0.475710,0.477853
10415.jpg,0.287432,0.656449,0.056119
10416.jpg,0.044435,0.159218,0.796348
10417.jpg,0.265829,0.621507,0.112664
10418.jpg,0.073198,0.811902,0.114900
10419.jpg,0.067611,0.365108,0.567281
10420.jpg,0.795633,0.177604,0.026763
10421.jpg,0.113071,0.804456,0.082473
10422.jpg,0.191655,0.700817,0.107528
10423.jpg,0.150746,0.776460,0.072794
10424.jpg,0.025030,0.117991,0.856979
10425.jpg,0.111433,0.815514,0.073053
10426.jpg,0.109560,0.674758,0.215681
10427.jpg,0.104318,0.607878,0.287803
10428.jpg,0.037404,0.262494,0.700101
10429.jpg,0.071653,0.748236,0.180111
10430.jpg,0.042271,0.409041,0.548689
10431.jpg,0.289730,0.636657,0.073612
10432.jpg,0.025870,0.205370,0.768761
10433.jpg,0.065901,0.786289,0.147810
10434.jpg,0.029916,0.104150,0.865934
10435.jpg,0.035503,0.327652,0.636845
10436.jpg,0.059536,0.833226,0.107238
10437.jpg,0.109679,0.651727,0.238594
10438.jpg,0.032256,0.168230,0.799514
10439.jpg,0.038803,0.245767,0.715430
10440.jpg,0.070587,0.340254,0.589160
10441.jpg,0.080763,0.558924,0.360313
10442.jpg,0.087495,0.457256,0.455249
10443.jpg,0.038991,0.192437,0.768572
10444.jpg,0.059826,0.824613,0.115561
10445.jpg,0.868428,0.026327,0.105245
10446.jpg,0.897959,0.059878,0.042163
10447.jpg,0.040262,0.893830,0.065908
10448.jpg,0.030081,0.224501,0.745417
10449.jpg,0.038757,0.736593,0.224651
10450.jpg,0.096806,0.563014,0.340180
10451.jpg,0.884586,0.043538,0.071875
10452.jpg,0.083549,0.802724,0.113728
10453.jpg,0.349802,0.579667,0.070531
10454.jpg,0.112943,0.734591,0.152466
10455.jpg,0.112774,0.767990,0.119236
10456.jpg,0.077311,0.680437,0.242251
10457.jpg,0.044253,0.163175,0.792572
10458.jpg,0.063704,0.566481,0.369814
10459.jpg,0.026081,0.094330,0.879589
10460.jpg,0.068912,0.790684,0.140403
10461.jpg,0.904188,0.064924,0.030888
10462.jpg,0.033608,0.408239,0.558152
10463.jpg,0.046304,0.884036,0.069660
10464.jpg,0.048127,0.528659,0.423214
10465.jpg,0.034536,0.133138,0.832326
10466.jpg,0.033482,0.593455,0.373063
10467.jpg,0.175606,0.665166,0.159228
10468.jpg,0.254661,0.357216,0.388123
10469.jpg,0.028807,0.106951,0.864242
10470.jpg,0.104526,0.589685,0.305789
10471.jpg,0.031885,0.210639,0.757476
10472.jpg,0.835629,0.116271,0.048100
10473.jpg,0.108629,0.791895,0.099476
10474.jpg,0.052365,0.170238,0.777397
10475.jpg,0.278439,0.653070,0.068491
10476.jpg,0.629021,0.039620,0.331359
10477.jpg,0.035781,0.116426,0.847793
10478.jpg,0.124996,0.104952,0.770052
10479.jpg,0.072254,0.736659,0.191087
10480.jpg,0.061368,0.722848,0.215783
10481.jpg,0.027085,0.127986,0.844929
10482.jpg,0.092104,0.410834,0.497063
10483.jpg,0.036130,0.529866,0.434003
10484.jpg,0.040857,0.580957,0.378186
10485.jpg,0.070480,0.324886,0.604634
10486.jpg,0.224725,0.690420,0.084855
10487.jpg,0.534537,0.081331,0.384132
10488.jpg,0.140247,0.595122,0.264630
10489.jpg,0.089707,0.812054,0.098239
10490.jpg,0.049960,0.892071,0.057968
10491.jpg,0.949662,0.022997,0.027341
10492.jpg,0.103963,0.619220,0.276816
10493.jpg,0.085613,0.781601,0.132786
10494.jpg,0.074346,0.864178,0.061477
10495.jpg,0.192150,0.610164,0.197686
10496.jpg,0.061802,0.367572,0.570626
10497.jpg,0.033953,0.173877,0.792169
10498.jpg,0.030575,0.108233,0.861193
10499.jpg,0.045827,0.728657,0.225516
10500.jpg,0.065547,0.434640,0.499813
10501.jpg,0.153440,0.740391,0.106169
10502.jpg,0.169626,0.418786,0.411588
10503.jpg,0.036999,0.167503,0.795498
10504.jpg,0.057318,0.844099,0.098583
10505.jpg,0.032413,0.092840,0.874747
10506.jpg,0.881157,0.058085,0.060758
10507.jpg,0.084451,0.769160,0.146390
10508.jpg,0.168723,0.693327,0.137950
10509.jpg,0.063208,0.839226,0.097566
10510.jpg,0.027316,0.178746,0.793938
10511.jpg,0.035002,0.404799,0.560198
10512.jpg,0.105291,0.131261,0.763449
10513.jpg,0.350422,0.555829,0.093749
10514.jpg,0.822748,0.088644,0.088608
10515.jpg,0.092549,0.836668,0.070782
10516.jpg,0.069084,0.789064,0.141852
10517.jpg,0.092203,0.240495,0.667302
10518.jpg,0.060361,0.254985,0.684654
10519.jpg,0.055490,0.872329,0.072181
10520.jpg,0.064333,0.603845,0.331822
10521.jpg,0.076784,0.694420,0.228796
10522.jpg,0.074579,0.866111,0.059310
10523.jpg,0.082829,0.684326,0.232845
10524.jpg,0.928796,0.044528,0.026677
10525.jpg,0.030186,0.102795,0.867018
10526.jpg,0.242374,0.693702,0.063924
10527.jpg,0.024107,0.212932,0.762961
10528.jpg,0.120944,0.829757,0.049299
10529.jpg,0.060880,0.857483,0.081638
10530.jpg,0.113664,0.758188,0.128148
10531.jpg,0.040688,0.117475,0.841837
10532.jpg,0.652070,0.288337,0.059594
10533.jpg,0.031122,0.086204,0.882674
10534.jpg,0.299088,0.569014,0.131898
10535.jpg,0.537540,0.322371,0.140089
10536.jpg,0.080146,0.831757,0.088097
10537.jpg,0.799217,0.173799,0.026985
10538.jpg,0.163712,0.644717,0.191571
10539.jpg,0.214791,0.656580,0.128629
10540.jpg,0.035178,0.241064,0.723759
10541.jpg,0.101020,0.749330,0.149650
10542.jpg,0.820366,0.141133,0.038501
10543.jpg,0.562971,0.398932,0.038097
10544.jpg,0.933934,0.041736,0.024330
10545.jpg,0.950384,0.022002,0.027614
10546.jpg,0.097208,0.619318,0.283474
10547.jpg,0.044057,0.877925,0.078018
10548.jpg,0.151079,0.767098,0.081823
10549.jpg,0.057327,0.635221,0.307451
10550.jpg,0.059139,0.816329,0.124532
10551.jpg,0.100660,0.592020,0.307320
10552.jpg,0.086871,0.798940,0.114189
10553.jpg,0.030962,0.101270,0.867768
10554.jpg,0.080865,0.786408,0.132727
10555.jpg,0.096815,0.841262,0.061922
10556.jpg,0.027141,0.183608,0.789251
10557.jpg,0.689535,0.160371,0.150094
10558.jpg,0.039753,0.256555,0.703692
10559.jpg,0.028251,0.142690,0.829059
10560.jpg,0.222511,0.682040,0.095449
10561.jpg,0.061938,0.195354,0.742709
10562.jpg,0.028265,0.095710,0.876025
10563.jpg,0.026430,0.144722,0.828848
10564.jpg,0.206083,0.670495,0.123422
10565.jpg,0.471483,0.393654,0.134863
10566.jpg,0.848384,0.115338,0.036278
10567.jpg,0.070957,0.630247,0.298796
10568.jpg,0.120057,0.164653,0.715290
10569.jpg,0.077334,0.858603,0.064063
10570.jpg,0.137741,0.774791,0.087468
10571.jpg,0.026604,0.081455,0.891941
10572.jpg,0.067440,0.430356,0.502204
10573.jpg,0.048173,0.877700,0.074126
10574.jpg,0.450826,0.388674,0.160500
10575.jpg,0.378145,0.232579,0.389276
10576.jpg,0.096415,0.668495,0.235090
10577.jpg,0.212248,0.737685,0.050066
10578.jpg,0.064327,0.784742,0.150931
10579.jpg,0.043546,0.387099,0.569355
10580.jpg,0.609398,0.309825,0.080778
10581.jpg,0.067787,0.855323,0.076889
10582.jpg,0.616909,0.235729,0.147363
10583.jpg,0.030588,0.094590,0.874822
10584.jpg,0.171680,0.062788,0.765532
10585.jpg,0.027926,0.155134,0.816940
10586.jpg,0.077379,0.737251,0.185369
10587.jpg,0.307521,0.616991,0.075488
10588.jpg,0.034080,0.757258,0.208662
10589.jpg,0.763463,0.190957,0.045580
10590.jpg,0.769508,0.151570,0.078922
10591.jpg,0.035021,0.286801,0.678178
10592.jpg,0.086881,0.805925,0.107194
10593.jpg,0.030701,0.257922,0.711377
10594.jpg,0.727727,0.224120,0.048153
10595.jpg,0.057736,0.074793,0.867470
10596.jpg,0.060466,0.779526,0.160008
10597.jpg,0.048969,0.614755,0.336276
