image_name,Type_1,Type_2,Type_3
0.jpg,0.197929,0.779231,0.022840
1.jpg,0.106103,0.737192,0.156704
2.jpg,0.088105,0.882896,0.028998
3.jpg,0.011361,0.788696,0.199943
4.jpg,0.017747,0.075511,0.906742
5.jpg,0.159758,0.814048,0.026194
6.jpg,0.245618,0.694865,0.059516
7.jpg,0.015845,0.136633,0.847522
8.jpg,0.485667,0.442038,0.072295
9.jpg,0.035634,0.875541,0.088825
10.jpg,0.407584,0.589678,0.002738
11.jpg,0.015592,0.066461,0.917947
12.jpg,0.049787,0.119526,0.830688
13.jpg,0.015368,0.124308,0.860323
14.jpg,0.011681,0.730194,0.258125
15.jpg,0.033381,0.248605,0.718014
16.jpg,0.609655,0.367512,0.022833
17.jpg,0.475694,0.520884,0.003422
18.jpg,0.086351,0.875094,0.038556
19.jpg,0.028498,0.281099,0.690403
20.jpg,0.912217,0.085041,0.002742
21.jpg,0.140659,0.784220,0.075121
22.jpg,0.116932,0.837874,0.045194
23.jpg,0.451498,0.519526,0.028975
24.jpg,0.560963,0.432577,0.006460
25.jpg,0.105424,0.854119,0.040457
26.jpg,0.222760,0.719273,0.057967
27.jpg,0.088528,0.310799,0.600673
28.jpg,0.050525,0.774674,0.174801
29.jpg,0.037020,0.699976,0.263003
30.jpg,0.121454,0.824678,0.053868
31.jpg,0.381916,0.600710,0.017374
32.jpg,0.485599,0.235977,0.278424
33.jpg,0.561645,0.430590,0.007765
34.jpg,0.059306,0.826767,0.113927
35.jpg,0.060194,0.671232,0.268573
36.jpg,0.192233,0.792826,0.014941
37.jpg,0.397738,0.594151,0.008110
38.jpg,0.151469,0.796826,0.051705
39.jpg,0.052500,0.743485,0.204015
40.jpg,0.015436,0.185551,0.799013
41.jpg,0.005910,0.443563,0.550527
42.jpg,0.050155,0.889579,0.060265
43.jpg,0.026581,0.673665,0.299754
44.jpg,0.068396,0.761398,0.170206
45.jpg,0.014331,0.647261,0.338408
46.jpg,0.023754,0.146150,0.830096
47.jpg,0.415919,0.508820,0.075261
48.jpg,0.032394,0.089068,0.878539
49.jpg,0.017385,0.146603,0.836012
50.jpg,0.120223,0.352092,0.527686
51.jpg,0.945078,0.051784,0.003139
52.jpg,0.037785,0.241074,0.721141
53.jpg,0.037237,0.250056,0.712707
54.jpg,0.017595,0.562045,0.420360
55.jpg,0.155620,0.290080,0.554301
56.jpg,0.049144,0.907864,0.042992
57.jpg,0.136832,0.820409,0.042758
58.jpg,0.022567,0.491528,0.485905
59.jpg,0.809456,0.173969,0.016575
60.jpg,0.124434,0.404217,0.471350
61.jpg,0.312096,0.444761,0.243143
62.jpg,0.047896,0.245308,0.706796
63.jpg,0.114337,0.712069,0.173595
64.jpg,0.092750,0.868441,0.038809
65.jpg,0.813640,0.156176,0.030184
66.jpg,0.037009,0.143428,0.819564
67.jpg,0.014835,0.091657,0.893508
68.jpg,0.065697,0.886022,0.048281
69.jpg,0.088367,0.802540,0.109093
70.jpg,0.765733,0.195163,0.039104
71.jpg,0.144825,0.813743,0.041432
72.jpg,0.180675,0.800470,0.018855
73.jpg,0.390719,0.528843,0.080439
74.jpg,0.080779,0.351796,0.567425
75.jpg,0.278934,0.714648,0.006418
76.jpg,0.022044,0.186659,0.791296
77.jpg,0.048456,0.852189,0.099354
78.jpg,0.018177,0.058308,0.923515
79.jpg,0.467896,0.517066,0.015038
80.jpg,0.005887,0.358711,0.635402
81.jpg,0.017241,0.760166,0.222593
82.jpg,0.334484,0.601532,0.063984
83.jpg,0.019855,0.065525,0.914620
84.jpg,0.852138,0.131778,0.016084
85.jpg,0.084058,0.856143,0.059799
86.jpg,0.015708,0.058522,0.925770
87.jpg,0.014469,0.112458,0.873073
88.jpg,0.263974,0.591780,0.144246
89.jpg,0.040981,0.181777,0.777242
90.jpg,0.523524,0.458129,0.018348
91.jpg,0.149429,0.795667,0.054903
92.jpg,0.006587,0.279823,0.713590
93.jpg,0.060668,0.891714,0.047617
94.jpg,0.120276,0.783207,0.096518
95.jpg,0.046192,0.833089,0.120719
96.jpg,0.128809,0.843583,0.027608
97.jpg,0.013905,0.182614,0.803482
98.jpg,0.349585,0.586431,0.063984
99.jpg,0.034583,0.224124,0.741292
100.jpg,0.129700,0.837351,0.032949
101.jpg,0.668781,0.326508,0.004711
102.jpg,0.140337,0.792737,0.066925
103.jpg,0.198470,0.710184,0.091346
104.jpg,0.014834,0.192734,0.792432
105.jpg,0.018114,0.075228,0.906658
106.jpg,0.076532,0.802983,0.120485
107.jpg,0.088607,0.428045,0.483348
108.jpg,0.073399,0.666136,0.260465
109.jpg,0.038869,0.137703,0.823428
110.jpg,0.058818,0.892452,0.048729
111.jpg,0.212372,0.365052,0.422576
112.jpg,0.018659,0.466626,0.514714
113.jpg,0.027384,0.706245,0.266371
114.jpg,0.015059,0.281092,0.703848
115.jpg,0.075445,0.886490,0.038064
116.jpg,0.022173,0.142385,0.835442
117.jpg,0.218697,0.764455,0.016848
118.jpg,0.015592,0.107960,0.876449
119.jpg,0.364651,0.440046,0.195304
120.jpg,0.100375,0.838608,0.061017
121.jpg,0.086429,0.886107,0.027464
122.jpg,0.026765,0.122289,0.850947
123.jpg,0.454348,0.531444,0.014208
124.jpg,0.015785,0.100347,0.883868
125.jpg,0.019919,0.662133,0.317948
126.jpg,0.045952,0.906280,0.047769
127.jpg,0.085062,0.776867,0.138071
128.jpg,0.058281,0.895581,0.046138
129.jpg,0.085130,0.849018,0.065852
130.jpg,0.618230,0.376905,0.004865
131.jpg,0.022736,0.077383,0.899881
132.jpg,0.021334,0.225878,0.752788
133.jpg,0.010118,0.111074,0.878808
134.jpg,0.050468,0.905749,0.043784
135.jpg,0.143982,0.802469,0.053549
136.jpg,0.065027,0.883810,0.051164
137.jpg,0.235535,0.703207,0.061258
138.jpg,0.041279,0.700281,0.258440
139.jpg,0.035623,0.904262,0.060115
140.jpg,0.084338,0.868560,0.047101
141.jpg,0.108115,0.222938,0.668947
142.jpg,0.701043,0.287053,0.011904
143.jpg,0.015706,0.347724,0.636570
144.jpg,0.313473,0.672717,0.013810
145.jpg,0.010661,0.110022,0.879317
146.jpg,0.059584,0.894281,0.046134
147.jpg,0.079360,0.702945,0.217694
148.jpg,0.316266,0.545322,0.138413
149.jpg,0.044566,0.300164,0.655270
150.jpg,0.490070,0.440415,0.069516
151.jpg,0.079922,0.221268,0.698809
152.jpg,0.051137,0.905185,0.043677
153.jpg,0.011918,0.110402,0.877680
154.jpg,0.764628,0.212113,0.023259
155.jpg,0.183612,0.369474,0.446914
156.jpg,0.051683,0.707307,0.241010
157.jpg,0.033613,0.548698,0.417689
158.jpg,0.016194,0.209795,0.774010
159.jpg,0.089891,0.826475,0.083635
160.jpg,0.209072,0.758437,0.032491
161.jpg,0.106873,0.797278,0.095848
162.jpg,0.015384,0.334016,0.650600
163.jpg,0.078860,0.688041,0.233100
164.jpg,0.332603,0.526641,0.140756
165.jpg,0.892237,0.100023,0.007741
166.jpg,0.195139,0.431746,0.373115
167.jpg,0.015197,0.296204,0.688599
168.jpg,0.221566,0.693224,0.085209
169.jpg,0.045033,0.898144,0.056824
170.jpg,0.072423,0.885853,0.041724
171.jpg,0.006752,0.343159,0.650090
172.jpg,0.047582,0.204581,0.747837
173.jpg,0.025549,0.345828,0.628623
174.jpg,0.509848,0.481372,0.008780
175.jpg,0.044694,0.460220,0.495087
176.jpg,0.101912,0.830359,0.067729
177.jpg,0.050418,0.892207,0.057374
178.jpg,0.043433,0.345889,0.610678
179.jpg,0.307598,0.663763,0.028638
180.jpg,0.036606,0.271428,0.691965
181.jpg,0.029698,0.457319,0.512983
182.jpg,0.023301,0.066021,0.910678
183.jpg,0.125966,0.811176,0.062858
184.jpg,0.023021,0.143694,0.833284
185.jpg,0.038625,0.637924,0.323451
186.jpg,0.050635,0.905623,0.043743
187.jpg,0.040527,0.687183,0.272289
188.jpg,0.030324,0.147560,0.822116
189.jpg,0.024905,0.227346,0.747749
190.jpg,0.122127,0.852613,0.025260
191.jpg,0.017256,0.091140,0.891604
192.jpg,0.017602,0.633756,0.348642
193.jpg,0.529744,0.462964,0.007292
194.jpg,0.049020,0.726845,0.224135
195.jpg,0.103813,0.811628,0.084559
196.jpg,0.623806,0.369291,0.006903
197.jpg,0.137088,0.788589,0.074323
198.jpg,0.049994,0.161640,0.788366
199.jpg,0.043017,0.277661,0.679322
200.jpg,0.173544,0.810680,0.015776
201.jpg,0.095459,0.806472,0.098070
202.jpg,0.376164,0.589130,0.034706
203.jpg,0.198950,0.567677,0.233373
204.jpg,0.023590,0.098700,0.877710
205.jpg,0.033506,0.147958,0.818537
206.jpg,0.161687,0.719454,0.118859
207.jpg,0.027918,0.214138,0.757944
208.jpg,0.021726,0.092770,0.885504
209.jpg,0.016059,0.074749,0.909192
210.jpg,0.098930,0.398709,0.502361
211.jpg,0.414168,0.553639,0.032193
212.jpg,0.160393,0.758435,0.081172
213.jpg,0.023646,0.210708,0.765646
214.jpg,0.374894,0.604267,0.020838
215.jpg,0.100196,0.871708,0.028097
216.jpg,0.052496,0.901547,0.045956
217.jpg,0.262325,0.723766,0.013909
218.jpg,0.095286,0.884655,0.020059
219.jpg,0.066038,0.394077,0.539886
220.jpg,0.300727,0.686486,0.012787
221.jpg,0.038777,0.242862,0.718360
222.jpg,0.028654,0.268301,0.703045
223.jpg,0.022253,0.074330,0.903417
224.jpg,0.018230,0.064483,0.917286
225.jpg,0.036576,0.849916,0.113507
226.jpg,0.027584,0.349051,0.623365
227.jpg,0.046825,0.900617,0.052558
228.jpg,0.066360,0.887983,0.045657
229.jpg,0.056696,0.620851,0.322453
230.jpg,0.065634,0.858794,0.075572
231.jpg,0.933767,0.061397,0.004836
232.jpg,0.654917,0.282251,0.062832
233.jpg,0.149625,0.813831,0.036544
234.jpg,0.064559,0.117310,0.818130
235.jpg,0.134347,0.724312,0.141341
236.jpg,0.094340,0.743454,0.162206
237.jpg,0.038091,0.186047,0.775862
238.jpg,0.015562,0.136493,0.847945
239.jpg,0.050794,0.904803,0.044403
240.jpg,0.065449,0.135209,0.799343
241.jpg,0.368872,0.417238,0.213890
242.jpg,0.211473,0.643573,0.144954
243.jpg,0.429995,0.560568,0.009437
244.jpg,0.026203,0.170973,0.802824
245.jpg,0.388916,0.605080,0.006004
246.jpg,0.030979,0.870383,0.098638
247.jpg,0.035301,0.790508,0.174190
248.jpg,0.125298,0.415269,0.459434
249.jpg,0.349910,0.609271,0.040820
250.jpg,0.155392,0.681546,0.163062
251.jpg,0.059783,0.893134,0.047083
252.jpg,0.134655,0.670019,0.195326
253.jpg,0.388595,0.238606,0.372799
254.jpg,0.018616,0.069588,0.911796
255.jpg,0.034299,0.825094,0.140607
256.jpg,0.021999,0.128790,0.849211
257.jpg,0.088236,0.877441,0.034324
258.jpg,0.053639,0.404039,0.542322
259.jpg,0.035959,0.334116,0.629924
260.jpg,0.429829,0.426793,0.143378
261.jpg,0.721309,0.239508,0.039182
262.jpg,0.550299,0.407668,0.042033
263.jpg,0.114544,0.816590,0.068867
264.jpg,0.017152,0.184008,0.798840
265.jpg,0.017010,0.409470,0.573519
266.jpg,0.018938,0.097932,0.883130
267.jpg,0.393804,0.582751,0.023445
268.jpg,0.572764,0.417864,0.009372
269.jpg,0.762762,0.216411,0.020827
270.jpg,0.015492,0.062592,0.921917
271.jpg,0.045996,0.784947,0.169057
272.jpg,0.106210,0.779898,0.113892
273.jpg,0.034752,0.727131,0.238117
274.jpg,0.443153,0.492034,0.064813
275.jpg,0.022639,0.068488,0.908872
276.jpg,0.051436,0.215706,0.732858
277.jpg,0.153951,0.813931,0.032118
278.jpg,0.071818,0.517989,0.410193
279.jpg,0.030109,0.219556,0.750335
280.jpg,0.098250,0.852430,0.049319
281.jpg,0.028452,0.349032,0.622516
282.jpg,0.082348,0.861369,0.056283
283.jpg,0.016939,0.140947,0.842115
284.jpg,0.011633,0.119842,0.868525
285.jpg,0.342804,0.594150,0.063046
286.jpg,0.046001,0.774779,0.179220
287.jpg,0.017532,0.147502,0.834966
288.jpg,0.035107,0.875959,0.088934
289.jpg,0.931147,0.064274,0.004579
290.jpg,0.068244,0.866025,0.065732
291.jpg,0.295383,0.687856,0.016761
292.jpg,0.272548,0.620485,0.106967
293.jpg,0.726105,0.243977,0.029919
294.jpg,0.077839,0.834438,0.087723
295.jpg,0.162264,0.755585,0.082151
296.jpg,0.069614,0.885630,0.044756
297.jpg,0.170323,0.769159,0.060518
298.jpg,0.022410,0.105819,0.871772
299.jpg,0.106168,0.866919,0.026913
300.jpg,0.075980,0.890545,0.033475
301.jpg,0.073739,0.684848,0.241413
302.jpg,0.098356,0.425524,0.476120
303.jpg,0.180007,0.798671,0.021322
304.jpg,0.761813,0.217855,0.020331
305.jpg,0.035523,0.875187,0.089290
306.jpg,0.155163,0.618178,0.226658
307.jpg,0.035653,0.178307,0.786040
308.jpg,0.511349,0.422935,0.065716
309.jpg,0.019864,0.456569,0.523567
310.jpg,0.084792,0.499233,0.415975
311.jpg,0.023056,0.084839,0.892105
312.jpg,0.905732,0.090322,0.003946
313.jpg,0.013558,0.301255,0.685187
314.jpg,0.051435,0.892573,0.055992
315.jpg,0.166663,0.800349,0.032988
316.jpg,0.366219,0.562740,0.071040
317.jpg,0.831749,0.165261,0.002989
318.jpg,0.124816,0.854586,0.020598
319.jpg,0.007318,0.863761,0.128921
320.jpg,0.042139,0.890645,0.067216
321.jpg,0.169011,0.670806,0.160183
322.jpg,0.024513,0.819652,0.155835
323.jpg,0.034190,0.687593,0.278217
324.jpg,0.181571,0.806341,0.012087
325.jpg,0.031159,0.099267,0.869574
326.jpg,0.018532,0.060440,0.921028
327.jpg,0.034663,0.298775,0.666562
328.jpg,0.043213,0.476793,0.479995
329.jpg,0.120763,0.678777,0.200460
330.jpg,0.128495,0.851733,0.019772
331.jpg,0.720187,0.236017,0.043796
332.jpg,0.149062,0.615252,0.235686
333.jpg,0.018917,0.072648,0.908435
334.jpg,0.018139,0.069199,0.912661
335.jpg,0.017198,0.065777,0.917025
336.jpg,0.824760,0.167478,0.007762
337.jpg,0.019242,0.149848,0.830910
338.jpg,0.223186,0.705236,0.071578
339.jpg,0.024882,0.082626,0.892492
340.jpg,0.123589,0.791996,0.084415
341.jpg,0.133025,0.666667,0.200308
342.jpg,0.199457,0.544489,0.256054
343.jpg,0.040100,0.246026,0.713873
344.jpg,0.809113,0.188306,0.002580
345.jpg,0.278600,0.672558,0.048843
346.jpg,0.066739,0.832758,0.100502
347.jpg,0.073596,0.854854,0.071550
348.jpg,0.013350,0.730044,0.256606
349.jpg,0.190684,0.713594,0.095722
350.jpg,0.030875,0.698929,0.270196
351.jpg,0.025604,0.612555,0.361841
352.jpg,0.033350,0.728851,0.237799
353.jpg,0.030741,0.118605,0.850654
354.jpg,0.076247,0.892200,0.031553
355.jpg,0.878195,0.116549,0.005256
356.jpg,0.928307,0.069552,0.002141
357.jpg,0.025257,0.864964,0.109779
358.jpg,0.127577,0.846636,0.025787
359.jpg,0.018240,0.077440,0.904320
360.jpg,0.058981,0.903437,0.037582
361.jpg,0.272856,0.660809,0.066335
362.jpg,0.058285,0.781192,0.160523
363.jpg,0.143250,0.798885,0.057865
364.jpg,0.013567,0.177822,0.808611
365.jpg,0.049076,0.888381,0.062543
366.jpg,0.034074,0.171490,0.794436
367.jpg,0.840650,0.146736,0.012613
368.jpg,0.352117,0.627235,0.020648
369.jpg,0.057475,0.873151,0.069374
370.jpg,0.077367,0.855235,0.067398
371.jpg,0.490517,0.500693,0.008790
372.jpg,0.021273,0.099619,0.879108
373.jpg,0.066717,0.887420,0.045864
374.jpg,0.227387,0.644482,0.128131
375.jpg,0.093041,0.886839,0.020121
376.jpg,0.018978,0.084220,0.896802
377.jpg,0.042815,0.895352,0.061833
378.jpg,0.049561,0.319163,0.631276
379.jpg,0.033079,0.290777,0.676144
380.jpg,0.037749,0.771887,0.190364
381.jpg,0.169228,0.763352,0.067420
382.jpg,0.675432,0.323457,0.001111
383.jpg,0.102917,0.841862,0.055221
384.jpg,0.165048,0.681422,0.153530
385.jpg,0.072622,0.797629,0.129749
386.jpg,0.010808,0.101895,0.887297
387.jpg,0.067904,0.602626,0.329470
388.jpg,0.011497,0.545928,0.442574
389.jpg,0.094511,0.855819,0.049670
390.jpg,0.072337,0.862398,0.065265
391.jpg,0.039106,0.117795,0.843099
392.jpg,0.048269,0.700758,0.250973
393.jpg,0.025832,0.105257,0.868911
394.jpg,0.088102,0.834126,0.077772
395.jpg,0.272462,0.703714,0.023824
396.jpg,0.064438,0.897823,0.037739
397.jpg,0.210085,0.755823,0.034092
398.jpg,0.006785,0.427513,0.565701
399.jpg,0.108815,0.820182,0.071003
400.jpg,0.030696,0.187741,0.781564
401.jpg,0.034161,0.759057,0.206782
402.jpg,0.661773,0.334606,0.003622
403.jpg,0.461478,0.532026,0.006496
404.jpg,0.148389,0.810203,0.041408
405.jpg,0.094700,0.849808,0.055493
406.jpg,0.618610,0.380335,0.001055
407.jpg,0.067929,0.880092,0.051980
408.jpg,0.116382,0.756514,0.127104
409.jpg,0.038042,0.136427,0.825531
410.jpg,0.187664,0.484756,0.327580
411.jpg,0.114624,0.863543,0.021833
412.jpg,0.154056,0.677324,0.168620
413.jpg,0.026121,0.328022,0.645857
414.jpg,0.030169,0.230922,0.738908
415.jpg,0.056195,0.903693,0.040113
416.jpg,0.812363,0.182102,0.005536
417.jpg,0.089150,0.886040,0.024810
418.jpg,0.020991,0.123618,0.855391
419.jpg,0.357606,0.629000,0.013394
420.jpg,0.021354,0.496421,0.482224
421.jpg,0.065080,0.801512,0.133408
422.jpg,0.035878,0.176519,0.787603
423.jpg,0.036777,0.235553,0.727670
424.jpg,0.037714,0.534590,0.427696
425.jpg,0.017166,0.069809,0.913025
426.jpg,0.081130,0.222625,0.696245
427.jpg,0.032251,0.861470,0.106279
428.jpg,0.031615,0.295102,0.673282
429.jpg,0.021252,0.124315,0.854433
430.jpg,0.262204,0.491280,0.246516
431.jpg,0.862669,0.130534,0.006797
432.jpg,0.022128,0.068584,0.909288
433.jpg,0.147051,0.185872,0.667077
434.jpg,0.336004,0.647077,0.016919
435.jpg,0.037203,0.273985,0.688812
436.jpg,0.323638,0.637295,0.039067
437.jpg,0.543754,0.451838,0.004408
438.jpg,0.052558,0.903633,0.043809
439.jpg,0.037769,0.860014,0.102217
440.jpg,0.018987,0.083843,0.897170
441.jpg,0.067606,0.870208,0.062186
442.jpg,0.158111,0.821858,0.020031
443.jpg,0.032465,0.752498,0.215037
444.jpg,0.219865,0.730900,0.049236
445.jpg,0.280002,0.576618,0.143380
446.jpg,0.085114,0.588196,0.326689
447.jpg,0.096715,0.768098,0.135187
448.jpg,0.048242,0.852367,0.099391
449.jpg,0.303807,0.657162,0.039031
450.jpg,0.012529,0.182725,0.804746
451.jpg,0.053119,0.781728,0.165153
452.jpg,0.026495,0.110953,0.862552
453.jpg,0.330660,0.662821,0.006519
454.jpg,0.613657,0.334998,0.051345
455.jpg,0.065938,0.121443,0.812619
456.jpg,0.377871,0.612971,0.009159
457.jpg,0.535074,0.460120,0.004806
458.jpg,0.108522,0.860354,0.031124
459.jpg,0.061970,0.899192,0.038838
460.jpg,0.128057,0.806403,0.065539
461.jpg,0.155693,0.754859,0.089448
462.jpg,0.060312,0.555573,0.384116
463.jpg,0.163263,0.659418,0.177320
464.jpg,0.181568,0.797254,0.021178
465.jpg,0.053303,0.900800,0.045897
466.jpg,0.319842,0.673328,0.006830
467.jpg,0.837999,0.148592,0.013409
468.jpg,0.268103,0.400349,0.331548
469.jpg,0.048453,0.546441,0.405106
470.jpg,0.610431,0.385639,0.003930
471.jpg,0.063117,0.892608,0.044275
472.jpg,0.709784,0.266924,0.023292
473.jpg,0.035325,0.645246,0.319429
474.jpg,0.168485,0.521218,0.310297
475.jpg,0.067611,0.848155,0.084235
476.jpg,0.094308,0.855056,0.050636
477.jpg,0.707671,0.282604,0.009725
478.jpg,0.145092,0.806075,0.048833
479.jpg,0.107781,0.471057,0.421162
480.jpg,0.049647,0.825246,0.125107
481.jpg,0.016322,0.059440,0.924237
482.jpg,0.803030,0.112112,0.084858
483.jpg,0.485829,0.490076,0.024096
484.jpg,0.038537,0.137920,0.823543
485.jpg,0.052153,0.222096,0.725751
486.jpg,0.010630,0.352621,0.636749
487.jpg,0.471115,0.510452,0.018433
488.jpg,0.045012,0.822790,0.132198
489.jpg,0.339873,0.278062,0.382065
490.jpg,0.130274,0.622613,0.247113
491.jpg,0.025839,0.862185,0.111976
492.jpg,0.508435,0.435859,0.055706
493.jpg,0.540156,0.452117,0.007727
494.jpg,0.018238,0.762215,0.219548
495.jpg,0.092969,0.858438,0.048592
496.jpg,0.034094,0.318893,0.647013
497.jpg,0.107493,0.800587,0.091919
498.jpg,0.048831,0.615830,0.335340
499.jpg,0.015630,0.095507,0.888864
500.jpg,0.183225,0.752140,0.064635
501.jpg,0.777276,0.165367,0.057357
502.jpg,0.023815,0.131130,0.845055
503.jpg,0.071135,0.449835,0.479030
504.jpg,0.027562,0.070695,0.901742
505.jpg,0.098411,0.866174,0.035415
506.jpg,0.029533,0.788849,0.181618
507.jpg,0.139749,0.716459,0.143792
508.jpg,0.082952,0.677237,0.239812
509.jpg,0.063172,0.890594,0.046234
510.jpg,0.025991,0.179398,0.794611
511.jpg,0.023512,0.150510,0.825978
10000.jpg,0.119082,0.818468,0.062449
10001.jpg,0.086224,0.849981,0.063795
10002.jpg,0.027697,0.699355,0.272948
10003.jpg,0.893282,0.101957,0.004761
10004.jpg,0.058734,0.901745,0.039521
10005.jpg,0.157795,0.737104,0.105100
10006.jpg,0.017372,0.824625,0.158003
10007.jpg,0.717347,0.268272,0.014382
10008.jpg,0.174683,0.749660,0.075658
10009.jpg,0.167481,0.816978,0.015542
10010.jpg,0.017986,0.082649,0.899365
10011.jpg,0.042198,0.152550,0.805251
10012.jpg,0.075387,0.843334,0.081279
10013.jpg,0.023200,0.211569,0.765232
10014.jpg,0.119938,0.836599,0.043463
10015.jpg,0.067948,0.343315,0.588737
10016.jpg,0.099641,0.443311,0.457048
10017.jpg,0.011487,0.450663,0.537850
10018.jpg,0.142753,0.403304,0.453944
10019.jpg,0.069652,0.891102,0.039246
10020.jpg,0.048738,0.665847,0.285415
10021.jpg,0.073675,0.395112,0.531214
10022.jpg,0.096689,0.566115,0.337196
10023.jpg,0.108239,0.619170,0.272591
10024.jpg,0.025242,0.131290,0.843468
10025.jpg,0.117544,0.857521,0.024935
10026.jpg,0.305873,0.448684,0.245443
10027.jpg,0.123945,0.838765,0.037290
10028.jpg,0.015577,0.627094,0.357329
10029.jpg,0.749993,0.210770,0.039237
10030.jpg,0.034553,0.232598,0.732849
10031.jpg,0.049286,0.311448,0.639266
10032.jpg,0.097882,0.701060,0.201058
10033.jpg,0.071026,0.889779,0.039195
10034.jpg,0.023308,0.860253,0.116439
10035.jpg,0.004779,0.520752,0.474469
10036.jpg,0.200101,0.675116,0.124782
10037.jpg,0.220387,0.668684,0.110929
10038.jpg,0.049741,0.903612,0.046646
10039.jpg,0.917928,0.078574,0.003498
10040.jpg,0.077650,0.135519,0.786831
10041.jpg,0.145247,0.833779,0.020974
10042.jpg,0.034488,0.235484,0.730028
10043.jpg,0.076586,0.860461,0.062953
10044.jpg,0.524601,0.421352,0.054046
10045.jpg,0.281546,0.694471,0.023983
10046.jpg,0.544196,0.441565,0.014238
10047.jpg,0.130000,0.852765,0.017235
10048.jpg,0.065842,0.861431,0.072726
10049.jpg,0.036848,0.603032,0.360120
10050.jpg,0.068437,0.874295,0.057268
10051.jpg,0.010077,0.653553,0.336371
10052.jpg,0.045176,0.316725,0.638098
10053.jpg,0.066408,0.153017,0.780575
10054.jpg,0.014020,0.692863,0.293117
10055.jpg,0.388870,0.466419,0.144711
10056.jpg,0.112705,0.859886,0.027409
10057.jpg,0.202878,0.765618,0.031504
10058.jpg,0.651979,0.341984,0.006037
10059.jpg,0.005352,0.304251,0.690397
10060.jpg,0.296288,0.693285,0.010427
10061.jpg,0.141951,0.790431,0.067618
10062.jpg,0.050131,0.140199,0.809670
10063.jpg,0.065168,0.892720,0.042112
10064.jpg,0.091809,0.875433,0.032758
10065.jpg,0.131082,0.194491,0.674427
10066.jpg,0.017550,0.072459,0.909991
10067.jpg,0.615993,0.366800,0.017207
10068.jpg,0.085890,0.759123,0.154988
10069.jpg,0.691007,0.298514,0.010479
10070.jpg,0.126975,0.850000,0.023025
10071.jpg,0.106551,0.821619,0.071830
10072.jpg,0.009378,0.182487,0.808134
10073.jpg,0.229003,0.749071,0.021926
10074.jpg,0.125925,0.816947,0.057128
10075.jpg,0.143758,0.841293,0.014949
10076.jpg,0.014832,0.096908,0.888261
10077.jpg,0.034826,0.198855,0.766319
10078.jpg,0.381560,0.606847,0.011593
10079.jpg,0.024361,0.127851,0.847788
10080.jpg,0.041368,0.180760,0.777872
10081.jpg,0.531833,0.446898,0.021269
10082.jpg,0.119058,0.783657,0.097285
10083.jpg,0.012762,0.094193,0.893045
10084.jpg,0.541402,0.389736,0.068862
10085.jpg,0.207333,0.632208,0.160460
10086.jpg,0.092467,0.810524,0.097008
10087.jpg,0.080607,0.886002,0.033391
10088.jpg,0.040554,0.149602,0.809844
10089.jpg,0.009874,0.678495,0.311631
10090.jpg,0.062292,0.725501,0.212206
10091.jpg,0.057600,0.774141,0.168259
10092.jpg,0.069595,0.489378,0.441027
10093.jpg,0.043880,0.894412,0.061708
10094.jpg,0.148820,0.587248,0.263932
10095.jpg,0.009980,0.099792,0.890228
10096.jpg,0.759426,0.232271,0.008303
10097.jpg,0.118033,0.728580,0.153387
10098.jpg,0.157466,0.812988,0.029546
10099.jpg,0.118162,0.793341,0.088497
10100.jpg,0.014515,0.302867,0.682618
10101.jpg,0.110675,0.850691,0.038634
10102.jpg,0.044351,0.657307,0.298342
10103.jpg,0.020596,0.062537,0.916867
10104.jpg,0.012092,0.682477,0.305431
10105.jpg,0.028896,0.115543,0.855561
10106.jpg,0.017569,0.118828,0.863604
10107.jpg,0.025563,0.307934,0.666503
10108.jpg,0.144858,0.807451,0.047691
10109.jpg,0.013147,0.488199,0.498655
10110.jpg,0.033696,0.124205,0.842100
10111.jpg,0.144397,0.763563,0.092039
10112.jpg,0.029867,0.175566,0.794567
10113.jpg,0.086047,0.178996,0.734957
10114.jpg,0.258514,0.722578,0.018908
10115.jpg,0.023282,0.126833,0.849885
10116.jpg,0.238371,0.747809,0.013819
10117.jpg,0.620461,0.325304,0.054234
10118.jpg,0.098745,0.869392,0.031863
10119.jpg,0.780895,0.197736,0.021369
10120.jpg,0.736899,0.261704,0.001397
10121.jpg,0.059432,0.223809,0.716760
10122.jpg,0.097429,0.830904,0.071667
10123.jpg,0.329787,0.662781,0.007432
10124.jpg,0.071973,0.890868,0.037159
10125.jpg,0.029631,0.390766,0.579604
10126.jpg,0.058593,0.902254,0.039153
10127.jpg,0.010569,0.370847,0.618584
10128.jpg,0.126117,0.598114,0.275769
10129.jpg,0.027824,0.747983,0.224193
10130.jpg,0.049851,0.673783,0.276366
10131.jpg,0.057022,0.898533,0.044445
10132.jpg,0.179854,0.802743,0.017403
10133.jpg,0.110926,0.808258,0.080816
10134.jpg,0.033880,0.122235,0.843886
10135.jpg,0.013031,0.437270,0.549698
10136.jpg,0.873857,0.119988,0.006154
10137.jpg,0.267904,0.251380,0.480716
10138.jpg,0.089696,0.866421,0.043883
10139.jpg,0.030716,0.493071,0.476212
10140.jpg,0.117815,0.667621,0.214564
10141.jpg,0.293049,0.686899,0.020052
10142.jpg,0.131052,0.806926,0.062022
10143.jpg,0.042131,0.171806,0.786063
10144.jpg,0.076833,0.895036,0.028131
10145.jpg,0.093024,0.303758,0.603218
10146.jpg,0.145831,0.602841,0.251328
10147.jpg,0.039207,0.906553,0.054240
10148.jpg,0.046413,0.240705,0.712881
10149.jpg,0.033766,0.564446,0.401788
10150.jpg,0.102138,0.788732,0.109130
10151.jpg,0.026411,0.600373,0.373216
10152.jpg,0.037729,0.538701,0.423570
10153.jpg,0.035022,0.453695,0.511283
10154.jpg,0.915811,0.082078,0.002111
10155.jpg,0.079954,0.798964,0.121082
10156.jpg,0.116279,0.802802,0.080919
10157.jpg,0.506236,0.487627,0.006137
10158.jpg,0.121565,0.818388,0.060047
10159.jpg,0.901122,0.092604,0.006274
10160.jpg,0.022483,0.893100,0.084417
10161.jpg,0.021037,0.140365,0.838598
10162.jpg,0.923152,0.068751,0.008098
10163.jpg,0.096162,0.640305,0.263533
10164.jpg,0.022287,0.161604,0.816109
10165.jpg,0.015311,0.072387,0.912302
10166.jpg,0.611560,0.364078,0.024363
10167.jpg,0.064228,0.449876,0.485896
10168.jpg,0.045564,0.865976,0.088460
10169.jpg,0.740441,0.247343,0.012215
10170.jpg,0.048172,0.089769,0.862059
10171.jpg,0.654673,0.287080,0.058247
10172.jpg,0.019059,0.367214,0.613726
10173.jpg,0.417170,0.330344,0.252486
10174.jpg,0.014206,0.135053,0.850740
10175.jpg,0.234802,0.612513,0.152686
10176.jpg,0.038205,0.850380,0.111415
10177.jpg,0.108531,0.808617,0.082852
10178.jpg,0.194064,0.673489,0.132447
10179.jpg,0.014400,0.113890,0.871710
10180.jpg,0.093116,0.823236,0.083648
10181.jpg,0.012423,0.432623,0.554954
10182.jpg,0.259499,0.715228,0.025273
10183.jpg,0.016240,0.107411,0.876349
10184.jpg,0.289719,0.697519,0.012762
10185.jpg,0.058889,0.450102,0.491009
10186.jpg,0.598568,0.374074,0.027358
10187.jpg,0.037632,0.147409,0.814960
10188.jpg,0.024875,0.237945,0.737180
10189.jpg,0.007809,0.477663,0.514528
10190.jpg,0.344609,0.650825,0.004566
10191.jpg,0.578870,0.392476,0.028654
10192.jpg,0.030639,0.867447,0.101915
10193.jpg,0.945506,0.051652,0.002842
10194.jpg,0.090625,0.824292,0.085082
10195.jpg,0.015673,0.209746,0.774581
10196.jpg,0.126957,0.842559,0.030484
10197.jpg,0.163241,0.691685,0.145074
10198.jpg,0.183240,0.771730,0.045030
10199.jpg,0.320495,0.669411,0.010095
10200.jpg,0.090300,0.798192,0.111508
10201.jpg,0.071229,0.874801,0.053969
10202.jpg,0.012147,0.137790,0.850063
10203.jpg,0.025381,0.539777,0.434842
10204.jpg,0.020644,0.872344,0.107013
10205.jpg,0.493817,0.451990,0.054192
10206.jpg,0.156730,0.813694,0.029576
10207.jpg,0.252871,0.737333,0.009797
10208.jpg,0.092880,0.817448,0.089671
10209.jpg,0.034354,0.829312,0.136334
10210.jpg,0.047396,0.283428,0.669176
10211.jpg,0.057143,0.898826,0.044032
10212.jpg,0.134208,0.807007,0.058784
10213.jpg,0.378131,0.535643,0.086226
10214.jpg,0.054318,0.897066,0.048616
10215.jpg,0.022957,0.501672,0.475371
10216.jpg,0.155468,0.732641,0.111891
10217.jpg,0.274468,0.715546,0.009986
10218.jpg,0.060626,0.897664,0.041710
10219.jpg,0.915993,0.079291,0.004716
10220.jpg,0.034618,0.166709,0.798673
10221.jpg,0.285750,0.651780,0.062470
10222.jpg,0.021060,0.076754,0.902186
10223.jpg,0.033413,0.242592,0.723995
10224.jpg,0.036008,0.520788,0.443204
10225.jpg,0.048909,0.256812,0.694280
10226.jpg,0.022276,0.064853,0.912871
10227.jpg,0.003930,0.293656,0.702413
10228.jpg,0.287387,0.703326,0.009287
10229.jpg,0.113791,0.811593,0.074616
10230.jpg,0.078454,0.829190,0.092355
10231.jpg,0.095439,0.817991,0.086570
10232.jpg,0.051408,0.514830,0.433761
10233.jpg,0.805463,0.185129,0.009407
10234.jpg,0.163183,0.741253,0.095564
10235.jpg,0.061392,0.806241,0.132367
10236.jpg,0.023144,0.065862,0.910994
10237.jpg,0.016890,0.157630,0.825480
10238.jpg,0.083380,0.884737,0.031883
10239.jpg,0.124786,0.714188,0.161026
10240.jpg,0.018791,0.302967,0.678242
10241.jpg,0.073281,0.524614,0.402105
10242.jpg,0.090332,0.674296,0.235371
10243.jpg,0.725095,0.273400,0.001506
10244.jpg,0.042995,0.347868,0.609138
10245.jpg,0.019726,0.363044,0.617230
10246.jpg,0.184769,0.509966,0.305265
10247.jpg,0.819724,0.166906,0.013370
10248.jpg,0.041775,0.563610,0.394615
10249.jpg,0.121955,0.772421,0.105624
10250.jpg,0.051023,0.515106,0.433872
10251.jpg,0.088507,0.814007,0.097486
10252.jpg,0.020726,0.711156,0.268118
10253.jpg,0.248896,0.730090,0.021014
10254.jpg,0.014869,0.234074,0.751057
10255.jpg,0.039012,0.891904,0.069083
10256.jpg,0.039646,0.707276,0.253078
10257.jpg,0.012596,0.266968,0.720436
10258.jpg,0.051286,0.822697,0.126017
10259.jpg,0.045753,0.174002,0.780245
10260.jpg,0.032457,0.111193,0.856350
10261.jpg,0.223161,0.659420,0.117419
10262.jpg,0.089839,0.873650,0.036511
10263.jpg,0.306754,0.654620,0.038626
10264.jpg,0.090027,0.855387,0.054587
10265.jpg,0.015006,0.353850,0.631143
10266.jpg,0.046063,0.876295,0.077642
10267.jpg,0.084974,0.829747,0.085280
10268.jpg,0.187845,0.744182,0.067974
10269.jpg,0.220990,0.763837,0.015173
10270.jpg,0.852590,0.140186,0.007225
10271.jpg,0.101555,0.868997,0.029448
10272.jpg,0.028406,0.855304,0.116290
10273.jpg,0.049666,0.906836,0.043498
10274.jpg,0.919192,0.077782,0.003027
10275.jpg,0.733045,0.263409,0.003545
10276.jpg,0.066493,0.874880,0.058627
10277.jpg,0.176203,0.427313,0.396484
10278.jpg,0.268820,0.600816,0.130365
10279.jpg,0.010208,0.394261,0.595531
10280.jpg,0.066843,0.807386,0.125771
10281.jpg,0.770457,0.215786,0.013758
10282.jpg,0.234460,0.256684,0.508855
10283.jpg,0.159200,0.804097,0.036702
10284.jpg,0.048912,0.293842,0.657245
10285.jpg,0.017331,0.115917,0.866752
10286.jpg,0.079687,0.358934,0.561379
10287.jpg,0.146189,0.782575,0.071236
10288.jpg,0.065915,0.636411,0.297675
10289.jpg,0.011319,0.251901,0.736779
10290.jpg,0.018244,0.510821,0.470935
10291.jpg,0.078914,0.874742,0.046344
10292.jpg,0.012776,0.614840,0.372384
10293.jpg,0.392798,0.597145,0.010058
10294.jpg,0.089901,0.613323,0.296776
10295.jpg,0.051379,0.845927,0.102694
10296.jpg,0.112041,0.806899,0.081060
10297.jpg,0.480799,0.511438,0.007763
10298.jpg,0.187042,0.647470,0.165488
10299.jpg,0.137405,0.809908,0.052687
10300.jpg,0.295412,0.667205,0.037383
10301.jpg,0.113848,0.451909,0.434243
10302.jpg,0.016537,0.124635,0.858829
10303.jpg,0.082413,0.478833,0.438754
10304.jpg,0.027150,0.337153,0.635697
10305.jpg,0.437234,0.560169,0.002597
10306.jpg,0.092648,0.844513,0.062839
10307.jpg,0.559186,0.410503,0.030311
10308.jpg,0.017387,0.093442,0.889171
10309.jpg,0.040505,0.606985,0.352510
10310.jpg,0.008652,0.153252,0.838096
10311.jpg,0.104028,0.457466,0.438506
10312.jpg,0.083719,0.872375,0.043906
10313.jpg,0.055205,0.283029,0.661766
10314.jpg,0.082581,0.869172,0.048246
10315.jpg,0.022428,0.441612,0.535960
10316.jpg,0.025312,0.477419,0.497268
10317.jpg,0.055885,0.895639,0.048475
10318.jpg,0.091447,0.353512,0.555041
10319.jpg,0.042644,0.912157,0.045199
10320.jpg,0.209801,0.699186,0.091013
10321.jpg,0.069647,0.622079,0.308274
10322.jpg,0.014158,0.107021,0.878821
10323.jpg,0.013980,0.278257,0.707763
10324.jpg,0.036683,0.888728,0.074588
10325.jpg,0.064155,0.078540,0.857306
10326.jpg,0.060562,0.209381,0.730057
10327.jpg,0.232858,0.389393,0.377749
10328.jpg,0.064649,0.904282,0.031068
10329.jpg,0.113306,0.806718,0.079976
10330.jpg,0.030289,0.175555,0.794156
10331.jpg,0.066455,0.896016,0.037529
10332.jpg,0.016431,0.137351,0.846218
10333.jpg,0.023444,0.067193,0.909363
10334.jpg,0.018947,0.842162,0.138890
10335.jpg,0.078912,0.326373,0.594715
10336.jpg,0.445224,0.435081,0.119694
10337.jpg,0.303993,0.658031,0.037975
10338.jpg,0.167923,0.780963,0.051114
10339.jpg,0.658351,0.331705,0.009944
10340.jpg,0.726148,0.272467,0.001385
10341.jpg,0.563637,0.392970,0.043393
10342.jpg,0.117718,0.242674,0.639608
10343.jpg,0.324173,0.484763,0.191064
10344.jpg,0.043312,0.159960,0.796729
10345.jpg,0.006691,0.171435,0.821873
10346.jpg,0.073309,0.274346,0.652345
10347.jpg,0.061177,0.882678,0.056145
10348.jpg,0.022199,0.161349,0.816452
10349.jpg,0.109536,0.861606,0.028859
10350.jpg,0.025440,0.128558,0.846002
10351.jpg,0.049112,0.571763,0.379125
10352.jpg,0.464190,0.514952,0.020857
10353.jpg,0.018415,0.139269,0.842316
10354.jpg,0.196308,0.581621,0.222071
10355.jpg,0.103822,0.804693,0.091485
10356.jpg,0.017935,0.314475,0.667590
10357.jpg,0.546050,0.449098,0.004852
10358.jpg,0.482847,0.224291,0.292862
10359.jpg,0.038025,0.903612,0.058364
10360.jpg,0.191504,0.765098,0.043398
10361.jpg,0.034624,0.439917,0.525459
10362.jpg,0.084470,0.862555,0.052975
10363.jpg,0.075239,0.779936,0.144825
10364.jpg,0.632211,0.353380,0.014408
10365.jpg,0.126906,0.713367,0.159728
10366.jpg,0.030400,0.109472,0.860127
10367.jpg,0.714248,0.225287,0.060466
10368.jpg,0.021575,0.747195,0.231230
10369.jpg,0.065148,0.751049,0.183803
10370.jpg,0.632637,0.328702,0.038661
10371.jpg,0.763533,0.223698,0.012770
10372.jpg,0.051571,0.903795,0.044634
10373.jpg,0.105441,0.306659,0.587899
10374.jpg,0.040294,0.726297,0.233409
10375.jpg,0.045484,0.899651,0.054865
10376.jpg,0.711392,0.266760,0.021848
10377.jpg,0.014829,0.269269,0.715903
10378.jpg,0.017484,0.068506,0.914010
10379.jpg,0.014159,0.102621,0.883219
10380.jpg,0.271302,0.654791,0.073907
10381.jpg,0.077407,0.144930,0.777663
10382.jpg,0.393317,0.550778,0.055905
10383.jpg,0.069572,0.877892,0.052536
10384.jpg,0.697372,0.301372,0.001256
10385.jpg,0.883153,0.112953,0.003894
10386.jpg,0.031133,0.089413,0.879454
10387.jpg,0.050647,0.895245,0.054108
10388.jpg,0.156837,0.792240,0.050923
10389.jpg,0.018085,0.785004,0.196912
10390.jpg,0.043492,0.898527,0.057981
10391.jpg,0.020274,0.300174,0.679553
10392.jpg,0.069919,0.463943,0.466137
10393.jpg,0.024238,0.082440,0.893323
10394.jpg,0.026413,0.156769,0.816819
10395.jpg,0.076669,0.838320,0.085011
10396.jpg,0.755152,0.240907,0.003942
10397.jpg,0.055708,0.757892,0.186400
10398.jpg,0.621069,0.348683,0.030247
10399.jpg,0.014236,0.146845,0.838920
10400.jpg,0.060965,0.865048,0.073987
10401.jpg,0.182197,0.803442,0.014361
10402.jpg,0.904793,0.082702,0.012505
10403.jpg,0.008974,0.234545,0.756482
10404.jpg,0.089631,0.711553,0.198815
10405.jpg,0.862790,0.132392,0.004818
10406.jpg,0.081764,0.872170,0.046066
10407.jpg,0.769977,0.226771,0.003252
10408.jpg,0.294138,0.690506,0.015356
10409.jpg,0.132098,0.812524,0.055378
10410.jpg,0.093967,0.869873,0.036160
10411.jpg,0.064805,0.887705,0.047489
10412.jpg,0.092793,0.764067,0.143140
10413.jpg,0.081289,0.868356,0.050355
10414.jpg,0.028405,0.303689,0.667906
10415.jpg,0.173953,0.810535,0.015512
10416.jpg,0.023972,0.081800,0.894228
10417.jpg,0.377239,0.510773,0.111988
10418.jpg,0.036810,0.873789,0.089400
10419.jpg,0.033632,0.311133,0.655235
10420.jpg,0.852302,0.131999,0.015699
10421.jpg,0.074631,0.893629,0.031740
10422.jpg,0.059498,0.887940,0.052562
10423.jpg,0.074706,0.864746,0.060548
10424.jpg,0.014304,0.079361,0.906335
10425.jpg,0.274644,0.685794,0.039562
10426.jpg,0.066334,0.737047,0.196619
10427.jpg,0.029641,0.807672,0.162687
10428.jpg,0.014270,0.214117,0.771613
10429.jpg,0.210770,0.615896,0.173334
10430.jpg,0.072133,0.457184,0.470684
10431.jpg,0.754738,0.216396,0.028866
10432.jpg,0.017468,0.133298,0.849234
10433.jpg,0.042320,0.891165,0.066515
10434.jpg,0.015771,0.061453,0.922776
10435.jpg,0.028262,0.309857,0.661881
10436.jpg,0.094024,0.826934,0.079042
10437.jpg,0.092370,0.667010,0.240620
10438.jpg,0.022685,0.123954,0.853361
10439.jpg,0.045144,0.194235,0.760621
10440.jpg,0.130315,0.160653,0.709031
10441.jpg,0.011506,0.540265,0.448229
10442.jpg,0.012019,0.289062,0.698919
10443.jpg,0.013060,0.213198,0.773742
10444.jpg,0.073605,0.863908,0.062487
10445.jpg,0.704371,0.174604,0.121025
10446.jpg,0.621273,0.324257,0.054469
10447.jpg,0.064243,0.887018,0.048739
10448.jpg,0.042580,0.147774,0.809646
10449.jpg,0.165764,0.608004,0.226232
10450.jpg,0.097863,0.281102,0.621035
10451.jpg,0.814926,0.162481,0.022593
10452.jpg,0.065495,0.879402,0.055102
10453.jpg,0.351720,0.623483,0.024797
10454.jpg,0.196849,0.759046,0.044106
10455.jpg,0.128368,0.803682,0.067949
10456.jpg,0.071345,0.691265,0.237390
10457.jpg,0.067728,0.245149,0.687123
10458.jpg,0.298074,0.613970,0.087955
10459.jpg,0.017070,0.056937,0.925993
10460.jpg,0.275053,0.675276,0.049672
10461.jpg,0.847687,0.110908,0.041406
10462.jpg,0.048477,0.196354,0.755169
10463.jpg,0.051665,0.903705,0.044630
10464.jpg,0.025567,0.365833,0.608600
10465.jpg,0.010181,0.122598,0.867221
10466.jpg,0.125466,0.416975,0.457559
10467.jpg,0.355366,0.631692,0.012942
10468.jpg,0.112793,0.569419,0.317787
10469.jpg,0.019227,0.084353,0.896420
10470.jpg,0.263909,0.465998,0.270093
10471.jpg,0.070301,0.566289,0.363410
10472.jpg,0.415242,0.505524,0.079235
10473.jpg,0.062008,0.830404,0.107588
10474.jpg,0.037292,0.165714,0.796994
10475.jpg,0.173748,0.738452,0.087800
10476.jpg,0.036919,0.086986,0.876094
10477.jpg,0.022012,0.075363,0.902625
10478.jpg,0.027670,0.144505,0.827825
10479.jpg,0.169866,0.761287,0.068846
10480.jpg,0.036500,0.837198,0.126302
10481.jpg,0.038650,0.078959,0.882392
10482.jpg,0.096307,0.256371,0.647322
10483.jpg,0.076500,0.424756,0.498744
10484.jpg,0.056551,0.797252,0.146197
10485.jpg,0.055850,0.333362,0.610788
10486.jpg,0.320341,0.666228,0.013432
10487.jpg,0.735316,0.194723,0.069961
10488.jpg,0.039179,0.697794,0.263027
10489.jpg,0.144507,0.840572,0.014921
10490.jpg,0.066360,0.889783,0.043857
10491.jpg,0.866921,0.125308,0.007771
10492.jpg,0.138892,0.687970,0.173138
10493.jpg,0.085018,0.735816,0.179166
10494.jpg,0.062739,0.893305,0.043956
10495.jpg,0.581768,0.362558,0.055674
10496.jpg,0.058791,0.431886,0.509323
10497.jpg,0.024835,0.084515,0.890650
10498.jpg,0.015863,0.194204,0.789933
10499.jpg,0.035730,0.457907,0.506363
10500.jpg,0.023376,0.574710,0.401914
10501.jpg,0.190262,0.651343,0.158395
10502.jpg,0.066299,0.362007,0.571695
10503.jpg,0.021696,0.098383,0.879921
10504.jpg,0.121075,0.805128,0.073798
10505.jpg,0.020564,0.065545,0.913891
10506.jpg,0.780407,0.209341,0.010253
10507.jpg,0.024046,0.843121,0.132832
10508.jpg,0.096268,0.822203,0.081529
10509.jpg,0.063375,0.854721,0.081904
10510.jpg,0.015321,0.130198,0.854482
10511.jpg,0.030777,0.202969,0.766254
10512.jpg,0.040411,0.273579,0.686010
10513.jpg,0.119075,0.816798,0.064127
10514.jpg,0.515965,0.408289,0.075746
10515.jpg,0.075021,0.866759,0.058220
10516.jpg,0.030359,0.887323,0.082319
10517.jpg,0.019401,0.528747,0.451852
10518.jpg,0.027549,0.170281,0.802170
10519.jpg,0.060527,0.891830,0.047643
10520.jpg,0.048466,0.263512,0.688022
10521.jpg,0.064490,0.666679,0.268831
10522.jpg,0.057073,0.889477,0.053451
10523.jpg,0.019296,0.680596,0.300108
10524.jpg,0.807417,0.190274,0.002310
10525.jpg,0.011779,0.178619,0.809603
10526.jpg,0.194856,0.728707,0.076437
10527.jpg,0.024835,0.137554,0.837611
10528.jpg,0.134620,0.838332,0.027048
10529.jpg,0.046619,0.897612,0.055769
10530.jpg,0.075701,0.753866,0.170432
10531.jpg,0.017620,0.066309,0.916071
10532.jpg,0.880625,0.112425,0.006950
10533.jpg,0.010680,0.088888,0.900432
10534.jpg,0.509227,0.463688,0.027085
10535.jpg,0.437348,0.522699,0.039953
10536.jpg,0.067214,0.832440,0.100346
10537.jpg,0.763751,0.210138,0.026112
10538.jpg,0.100179,0.785509,0.114312
10539.jpg,0.064602,0.879626,0.055772
10540.jpg,0.020682,0.314429,0.664890
10541.jpg,0.196405,0.731305,0.072290
10542.jpg,0.324709,0.660748,0.014543
10543.jpg,0.456773,0.522775,0.020451
10544.jpg,0.747233,0.136202,0.116564
10545.jpg,0.886344,0.105815,0.007841
10546.jpg,0.085644,0.758062,0.156294
10547.jpg,0.041728,0.892695,0.065577
10548.jpg,0.211310,0.768562,0.020128
10549.jpg,0.028520,0.709244,0.262236
10550.jpg,0.073270,0.804266,0.122464
10551.jpg,0.015611,0.854291,0.130098
10552.jpg,0.057040,0.781399,0.161561
10553.jpg,0.027149,0.094430,0.878422
10554.jpg,0.085821,0.840282,0.073896
10555.jpg,0.049564,0.901461,0.048975
10556.jpg,0.020619,0.171858,0.807523
10557.jpg,0.374968,0.593061,0.031971
10558.jpg,0.036387,0.112623,0.850991
10559.jpg,0.013375,0.106487,0.880138
10560.jpg,0.157981,0.760688,0.081331
10561.jpg,0.012185,0.224551,0.763264
10562.jpg,0.013635,0.088575,0.897790
10563.jpg,0.021442,0.142894,0.835664
10564.jpg,0.257725,0.731591,0.010684
10565.jpg,0.227474,0.363882,0.408644
10566.jpg,0.716755,0.278813,0.004432
10567.jpg,0.118632,0.490662,0.390707
10568.jpg,0.030688,0.083259,0.886052
10569.jpg,0.056524,0.894051,0.049425
10570.jpg,0.093230,0.872793,0.033976
10571.jpg,0.016906,0.058302,0.924792
10572.jpg,0.043912,0.342670,0.613418
10573.jpg,0.027566,0.882665,0.089769
10574.jpg,0.245427,0.445426,0.309147
10575.jpg,0.064814,0.362128,0.573058
10576.jpg,0.054937,0.846000,0.099063
10577.jpg,0.121625,0.852852,0.025524
10578.jpg,0.037627,0.823992,0.138381
10579.jpg,0.014290,0.284858,0.700852
10580.jpg,0.623279,0.276656,0.100065
10581.jpg,0.070468,0.824685,0.104847
10582.jpg,0.253475,0.707288,0.039237
10583.jpg,0.015959,0.067607,0.916434
10584.jpg,0.015418,0.079173,0.905409
10585.jpg,0.032753,0.091287,0.875960
10586.jpg,0.075032,0.804935,0.120033
10587.jpg,0.139443,0.845741,0.014816
10588.jpg,0.185885,0.480328,0.333787
10589.jpg,0.821819,0.175671,0.002510
10590.jpg,0.346383,0.445540,0.208077
10591.jpg,0.038133,0.146543,0.815325
10592.jpg,0.057952,0.872085,0.069963
10593.jpg,0.023477,0.077294,0.899229
10594.jpg,0.668068,0.325702,0.006230
10595.jpg,0.022656,0.082384,0.894960
10596.jpg,0.160853,0.797481,0.041666
10597.jpg,0.065784,0.693046,0.241170
