image_name,Type_1,Type_2,Type_3
0.jpg,0.099742,0.810320,0.089938
1.jpg,0.087124,0.793516,0.119361
2.jpg,0.281594,0.633433,0.084973
3.jpg,0.052528,0.768300,0.179172
4.jpg,0.043237,0.099703,0.857060
5.jpg,0.163185,0.768716,0.068099
6.jpg,0.422308,0.559776,0.017916
7.jpg,0.065746,0.319548,0.614706
8.jpg,0.238979,0.725703,0.035318
9.jpg,0.058007,0.853497,0.088496
10.jpg,0.562161,0.369960,0.067879
11.jpg,0.044011,0.108159,0.847830
12.jpg,0.027239,0.145120,0.827641
13.jpg,0.049249,0.102629,0.848122
14.jpg,0.028601,0.780614,0.190785
15.jpg,0.070195,0.415831,0.513974
16.jpg,0.655938,0.315064,0.028998
17.jpg,0.233908,0.673277,0.092814
18.jpg,0.034247,0.893088,0.072666
19.jpg,0.070398,0.292789,0.636813
20.jpg,0.926951,0.048429,0.024620
21.jpg,0.060087,0.859979,0.079934
22.jpg,0.064467,0.863035,0.072498
23.jpg,0.341460,0.561688,0.096852
24.jpg,0.312849,0.623241,0.063910
25.jpg,0.128055,0.792480,0.079465
26.jpg,0.166917,0.782376,0.050707
27.jpg,0.052980,0.495157,0.451863
28.jpg,0.045104,0.672911,0.281985
29.jpg,0.079797,0.766000,0.154203
30.jpg,0.129579,0.795445,0.074976
31.jpg,0.378612,0.598737,0.022651
32.jpg,0.503212,0.268421,0.228367
33.jpg,0.585110,0.317715,0.097175
34.jpg,0.095219,0.746976,0.157805
35.jpg,0.014012,0.423169,0.562819
36.jpg,0.280605,0.650562,0.068833
37.jpg,0.481878,0.453591,0.064531
38.jpg,0.076260,0.618520,0.305221
39.jpg,0.094400,0.710738,0.194862
40.jpg,0.031805,0.154776,0.813419
41.jpg,0.070550,0.379246,0.550205
42.jpg,0.038423,0.866904,0.094673
43.jpg,0.027315,0.781577,0.191109
44.jpg,0.089535,0.703713,0.206752
45.jpg,0.025039,0.258455,0.716506
46.jpg,0.048913,0.150755,0.800331
47.jpg,0.755606,0.219152,0.025242
48.jpg,0.049045,0.122239,0.828715
49.jpg,0.035367,0.152735,0.811898
50.jpg,0.023552,0.353127,0.623320
51.jpg,0.949982,0.025049,0.024969
52.jpg,0.105739,0.316726,0.577535
53.jpg,0.070661,0.344055,0.585283
54.jpg,0.029272,0.274078,0.696650
55.jpg,0.409654,0.165648,0.424698
56.jpg,0.031913,0.899589,0.068498
57.jpg,0.091661,0.684423,0.223916
58.jpg,0.070693,0.450248,0.479060
59.jpg,0.815248,0.124302,0.060450
60.jpg,0.053872,0.553831,0.392298
61.jpg,0.260926,0.682443,0.056631
62.jpg,0.086982,0.346718,0.566300
63.jpg,0.033291,0.759174,0.207535
64.jpg,0.097018,0.840082,0.062900
65.jpg,0.933387,0.038596,0.028017
66.jpg,0.062141,0.156672,0.781186
67.jpg,0.050754,0.094559,0.854687
68.jpg,0.040517,0.895467,0.064017
69.jpg,0.074879,0.699328,0.225793
70.jpg,0.731982,0.243925,0.024094
71.jpg,0.130424,0.770089,0.099487
72.jpg,0.050910,0.892182,0.056908
73.jpg,0.088315,0.664555,0.247130
74.jpg,0.014111,0.546935,0.438954
75.jpg,0.065862,0.845072,0.089065
76.jpg,0.051807,0.158048,0.790144
77.jpg,0.085904,0.795166,0.118930
78.jpg,0.043150,0.089743,0.867106
79.jpg,0.705265,0.274013,0.020722
80.jpg,0.036898,0.228006,0.735095
81.jpg,0.117059,0.620998,0.261944
82.jpg,0.690253,0.248901,0.060846
83.jpg,0.030066,0.112870,0.857064
84.jpg,0.692572,0.286184,0.021243
85.jpg,0.045791,0.884121,0.070088
86.jpg,0.043404,0.084840,0.871757
87.jpg,0.040057,0.109762,0.850181
88.jpg,0.280742,0.640369,0.078889
89.jpg,0.033848,0.228746,0.737406
90.jpg,0.419412,0.429239,0.151349
91.jpg,0.471577,0.425388,0.103035
92.jpg,0.032056,0.520096,0.447849
93.jpg,0.037379,0.897607,0.065014
94.jpg,0.044774,0.815938,0.139287
95.jpg,0.065460,0.855299,0.079242
96.jpg,0.636425,0.338516,0.025059
97.jpg,0.248255,0.130130,0.621614
98.jpg,0.290565,0.663956,0.045478
99.jpg,0.045203,0.240175,0.714622
100.jpg,0.133768,0.803892,0.062340
101.jpg,0.592194,0.382951,0.024856
102.jpg,0.257851,0.625466,0.116682
103.jpg,0.223056,0.608469,0.168474
104.jpg,0.071477,0.143511,0.785012
105.jpg,0.038426,0.110716,0.850858
106.jpg,0.084324,0.818366,0.097310
107.jpg,0.087254,0.763034,0.149712
108.jpg,0.081713,0.593422,0.324865
109.jpg,0.034001,0.178488,0.787511
110.jpg,0.035487,0.899457,0.065056
111.jpg,0.052384,0.650599,0.297017
112.jpg,0.045059,0.666542,0.288399
113.jpg,0.013967,0.458586,0.527447
114.jpg,0.069984,0.250158,0.679859
115.jpg,0.046116,0.808682,0.145202
116.jpg,0.048056,0.164571,0.787372
117.jpg,0.125362,0.709398,0.165240
118.jpg,0.057055,0.178824,0.764121
119.jpg,0.806879,0.080410,0.112711
120.jpg,0.085978,0.829401,0.084621
121.jpg,0.073166,0.863316,0.063519
122.jpg,0.043826,0.200322,0.755852
123.jpg,0.667841,0.255245,0.076914
124.jpg,0.036792,0.190225,0.772983
125.jpg,0.025728,0.488865,0.485408
126.jpg,0.031268,0.893338,0.075394
127.jpg,0.049775,0.727532,0.222693
128.jpg,0.035969,0.905101,0.058930
129.jpg,0.086103,0.854791,0.059106
130.jpg,0.628835,0.355462,0.015703
131.jpg,0.046319,0.105146,0.848535
132.jpg,0.059780,0.445383,0.494837
133.jpg,0.063016,0.149922,0.787062
134.jpg,0.029880,0.894071,0.076049
135.jpg,0.044159,0.875169,0.080673
136.jpg,0.030672,0.888002,0.081326
137.jpg,0.171907,0.717957,0.110135
138.jpg,0.207871,0.587748,0.204381
139.jpg,0.037611,0.882891,0.079498
140.jpg,0.039013,0.888135,0.072852
141.jpg,0.029313,0.251004,0.719683
142.jpg,0.881869,0.097414,0.020717
143.jpg,0.038827,0.303954,0.657220
144.jpg,0.244677,0.724801,0.030522
145.jpg,0.048718,0.100265,0.851016
146.jpg,0.033929,0.903443,0.062628
147.jpg,0.060009,0.847022,0.092969
148.jpg,0.097890,0.828590,0.073520
149.jpg,0.050466,0.229320,0.720214
150.jpg,0.870157,0.090967,0.038876
151.jpg,0.030918,0.164814,0.804268
152.jpg,0.029785,0.906030,0.064185
153.jpg,0.035939,0.096920,0.867141
154.jpg,0.897270,0.068667,0.034063
155.jpg,0.104147,0.728733,0.167120
156.jpg,0.058047,0.747480,0.194473
157.jpg,0.076692,0.495013,0.428295
158.jpg,0.071349,0.205531,0.723121
159.jpg,0.184978,0.716788,0.098235
160.jpg,0.119775,0.815795,0.064429
161.jpg,0.062417,0.745671,0.191912
162.jpg,0.032258,0.309838,0.657904
163.jpg,0.036158,0.646029,0.317813
164.jpg,0.064474,0.697734,0.237792
165.jpg,0.885326,0.084892,0.029782
166.jpg,0.157280,0.296400,0.546320
167.jpg,0.028960,0.174259,0.796781
168.jpg,0.019936,0.723940,0.256125
169.jpg,0.044043,0.863862,0.092095
170.jpg,0.044729,0.856001,0.099269
171.jpg,0.068621,0.277655,0.653725
172.jpg,0.035255,0.271812,0.692933
173.jpg,0.156623,0.313471,0.529905
174.jpg,0.476649,0.412781,0.110570
175.jpg,0.013147,0.594286,0.392567
176.jpg,0.066149,0.766455,0.167396
177.jpg,0.078290,0.846523,0.075187
178.jpg,0.056674,0.111474,0.831852
179.jpg,0.374309,0.545448,0.080243
180.jpg,0.145049,0.292210,0.562741
181.jpg,0.075662,0.499302,0.425036
182.jpg,0.044817,0.102770,0.852414
183.jpg,0.162230,0.689486,0.148284
184.jpg,0.041703,0.226765,0.731531
185.jpg,0.024760,0.465624,0.509617
186.jpg,0.037889,0.896385,0.065726
187.jpg,0.164941,0.455432,0.379628
188.jpg,0.083503,0.155872,0.760626
189.jpg,0.057375,0.248521,0.694104
190.jpg,0.040325,0.885058,0.074617
191.jpg,0.034829,0.133709,0.831462
192.jpg,0.040690,0.433419,0.525890
193.jpg,0.870133,0.084257,0.045611
194.jpg,0.090251,0.629523,0.280226
195.jpg,0.076408,0.769960,0.153632
196.jpg,0.849020,0.130007,0.020973
197.jpg,0.276587,0.469571,0.253842
198.jpg,0.047903,0.303082,0.649014
199.jpg,0.070250,0.199959,0.729792
200.jpg,0.054766,0.836529,0.108704
201.jpg,0.223355,0.695616,0.081029
202.jpg,0.261104,0.645079,0.093817
203.jpg,0.030788,0.729211,0.240001
204.jpg,0.035457,0.095692,0.868852
205.jpg,0.031237,0.178982,0.789781
206.jpg,0.062535,0.846519,0.090946
207.jpg,0.024421,0.431485,0.544094
208.jpg,0.036946,0.125695,0.837360
209.jpg,0.043742,0.102176,0.854082
210.jpg,0.096262,0.294928,0.608810
211.jpg,0.253427,0.635724,0.110848
212.jpg,0.027873,0.740429,0.231698
213.jpg,0.051219,0.125826,0.822956
214.jpg,0.463130,0.410152,0.126719
215.jpg,0.146212,0.805522,0.048266
216.jpg,0.039841,0.902816,0.057343
217.jpg,0.157851,0.800311,0.041838
218.jpg,0.033281,0.884318,0.082400
219.jpg,0.054558,0.567693,0.377749
220.jpg,0.126282,0.790841,0.082877
221.jpg,0.061739,0.149978,0.788283
222.jpg,0.044857,0.365412,0.589732
223.jpg,0.036119,0.092657,0.871224
224.jpg,0.044314,0.093660,0.862026
225.jpg,0.040439,0.778026,0.181535
226.jpg,0.047797,0.549048,0.403155
227.jpg,0.056387,0.897399,0.046214
228.jpg,0.048019,0.844149,0.107831
229.jpg,0.113426,0.755609,0.130965
230.jpg,0.190216,0.700772,0.109012
231.jpg,0.827643,0.086806,0.085551
232.jpg,0.806768,0.150924,0.042308
233.jpg,0.183047,0.750481,0.066472
234.jpg,0.099472,0.208257,0.692272
235.jpg,0.032487,0.777533,0.189980
236.jpg,0.038122,0.879257,0.082621
237.jpg,0.080619,0.287705,0.631677
238.jpg,0.037463,0.115067,0.847470
239.jpg,0.034958,0.900346,0.064697
240.jpg,0.094554,0.150205,0.755241
241.jpg,0.084955,0.810785,0.104260
242.jpg,0.049643,0.804339,0.146018
243.jpg,0.664356,0.290041,0.045604
244.jpg,0.044742,0.232870,0.722388
245.jpg,0.425240,0.552939,0.021822
246.jpg,0.055105,0.872235,0.072660
247.jpg,0.288133,0.565031,0.146837
248.jpg,0.092615,0.598166,0.309219
249.jpg,0.270678,0.623016,0.106306
250.jpg,0.033305,0.802379,0.164316
251.jpg,0.041221,0.891086,0.067693
252.jpg,0.053153,0.523651,0.423195
253.jpg,0.090687,0.352622,0.556691
254.jpg,0.040306,0.092475,0.867219
255.jpg,0.031516,0.777014,0.191470
256.jpg,0.042599,0.137686,0.819715
257.jpg,0.035800,0.906506,0.057694
258.jpg,0.058358,0.705331,0.236311
259.jpg,0.026014,0.346631,0.627356
260.jpg,0.887103,0.093744,0.019153
261.jpg,0.707230,0.198581,0.094189
262.jpg,0.383063,0.601219,0.015717
263.jpg,0.041122,0.893619,0.065259
264.jpg,0.053589,0.164864,0.781547
265.jpg,0.131055,0.490861,0.378083
266.jpg,0.034870,0.111236,0.853893
267.jpg,0.166594,0.709022,0.124384
268.jpg,0.758228,0.174813,0.066959
269.jpg,0.827538,0.142634,0.029828
270.jpg,0.036136,0.099225,0.864639
271.jpg,0.071805,0.637243,0.290952
272.jpg,0.086630,0.732138,0.181232
273.jpg,0.086578,0.627511,0.285911
274.jpg,0.181124,0.729436,0.089440
275.jpg,0.053313,0.105255,0.841432
276.jpg,0.030626,0.507201,0.462172
277.jpg,0.220779,0.739913,0.039308
278.jpg,0.058729,0.761042,0.180229
279.jpg,0.032326,0.379951,0.587722
280.jpg,0.069640,0.849098,0.081262
281.jpg,0.038306,0.438109,0.523585
282.jpg,0.047315,0.871913,0.080771
283.jpg,0.036670,0.159983,0.803347
284.jpg,0.035168,0.117610,0.847223
285.jpg,0.740775,0.190235,0.068990
286.jpg,0.045649,0.733329,0.221023
287.jpg,0.056066,0.132093,0.811841
288.jpg,0.036028,0.856195,0.107777
289.jpg,0.932555,0.045802,0.021643
290.jpg,0.035971,0.885020,0.079008
291.jpg,0.648529,0.251208,0.100262
292.jpg,0.147876,0.648650,0.203474
293.jpg,0.942080,0.035348,0.022571
294.jpg,0.068869,0.840528,0.090603
295.jpg,0.030681,0.882991,0.086328
296.jpg,0.027662,0.901235,0.071103
297.jpg,0.381738,0.520700,0.097563
298.jpg,0.019411,0.162724,0.817865
299.jpg,0.141301,0.833879,0.024820
300.jpg,0.048402,0.871816,0.079782
301.jpg,0.127460,0.659322,0.213218
302.jpg,0.052122,0.464708,0.483169
303.jpg,0.114634,0.765674,0.119691
304.jpg,0.941309,0.034864,0.023827
305.jpg,0.040877,0.800230,0.158894
306.jpg,0.442632,0.451888,0.105480
307.jpg,0.041727,0.245639,0.712634
308.jpg,0.877824,0.094487,0.027689
309.jpg,0.031755,0.439569,0.528676
310.jpg,0.057242,0.595394,0.347364
311.jpg,0.047116,0.105373,0.847511
312.jpg,0.935529,0.042382,0.022088
313.jpg,0.044882,0.198826,0.756293
314.jpg,0.042010,0.906286,0.051704
315.jpg,0.055482,0.846495,0.098023
316.jpg,0.807568,0.134556,0.057875
317.jpg,0.797124,0.168754,0.034122
318.jpg,0.043476,0.902060,0.054463
319.jpg,0.024027,0.774377,0.201596
320.jpg,0.077459,0.830363,0.092178
321.jpg,0.060246,0.499124,0.440630
322.jpg,0.098621,0.530468,0.370911
323.jpg,0.041880,0.705071,0.253048
324.jpg,0.154861,0.779239,0.065901
325.jpg,0.043371,0.119865,0.836765
326.jpg,0.040844,0.090174,0.868982
327.jpg,0.030879,0.272122,0.696999
328.jpg,0.163763,0.271215,0.565022
329.jpg,0.023820,0.804854,0.171326
330.jpg,0.129631,0.770050,0.100319
331.jpg,0.929787,0.051330,0.018883
332.jpg,0.073039,0.739909,0.187052
333.jpg,0.029819,0.098888,0.871293
334.jpg,0.046077,0.106597,0.847326
335.jpg,0.041170,0.136834,0.821996
336.jpg,0.916111,0.058598,0.025290
337.jpg,0.032601,0.224277,0.743122
338.jpg,0.171312,0.758104,0.070583
339.jpg,0.038379,0.384627,0.576994
340.jpg,0.092699,0.765765,0.141536
341.jpg,0.067938,0.787846,0.144216
342.jpg,0.208390,0.569615,0.221995
343.jpg,0.037960,0.338384,0.623656
344.jpg,0.930639,0.049091,0.020270
345.jpg,0.914483,0.057865,0.027652
346.jpg,0.075983,0.798931,0.125087
347.jpg,0.056663,0.843480,0.099857
348.jpg,0.051724,0.840232,0.108043
349.jpg,0.099964,0.741353,0.158683
350.jpg,0.026669,0.619048,0.354283
351.jpg,0.074978,0.396297,0.528725
352.jpg,0.025689,0.778722,0.195590
353.jpg,0.029520,0.153385,0.817095
354.jpg,0.241580,0.717905,0.040515
355.jpg,0.928603,0.037054,0.034343
356.jpg,0.949635,0.024881,0.025484
357.jpg,0.062065,0.799077,0.138858
358.jpg,0.041179,0.889533,0.069288
359.jpg,0.042295,0.117947,0.839758
360.jpg,0.034781,0.902605,0.062614
361.jpg,0.371940,0.429514,0.198546
362.jpg,0.022337,0.742102,0.235560
363.jpg,0.061013,0.846640,0.092347
364.jpg,0.089388,0.123871,0.786742
365.jpg,0.043979,0.880806,0.075215
366.jpg,0.049479,0.156244,0.794278
367.jpg,0.900552,0.052663,0.046785
368.jpg,0.493367,0.458578,0.048055
369.jpg,0.041918,0.877930,0.080152
370.jpg,0.032360,0.841181,0.126458
371.jpg,0.900800,0.079571,0.019629
372.jpg,0.061575,0.116331,0.822094
373.jpg,0.068148,0.876227,0.055625
374.jpg,0.104691,0.830059,0.065250
375.jpg,0.036625,0.892015,0.071360
376.jpg,0.051509,0.122540,0.825951
377.jpg,0.084599,0.816124,0.099277
378.jpg,0.033491,0.517474,0.449035
379.jpg,0.089032,0.127103,0.783866
380.jpg,0.059249,0.741482,0.199269
381.jpg,0.121713,0.815608,0.062679
382.jpg,0.924071,0.055061,0.020868
383.jpg,0.055363,0.861560,0.083077
384.jpg,0.017097,0.818628,0.164275
385.jpg,0.050425,0.811906,0.137669
386.jpg,0.046091,0.103546,0.850363
387.jpg,0.012708,0.517376,0.469915
388.jpg,0.068973,0.208565,0.722463
389.jpg,0.029573,0.878708,0.091720
390.jpg,0.059316,0.872520,0.068164
391.jpg,0.025376,0.107215,0.867408
392.jpg,0.147411,0.706226,0.146363
393.jpg,0.027787,0.149033,0.823180
394.jpg,0.070836,0.821217,0.107947
395.jpg,0.308991,0.603230,0.087778
396.jpg,0.042988,0.886165,0.070847
397.jpg,0.155606,0.747125,0.097269
398.jpg,0.025650,0.156933,0.817417
399.jpg,0.283372,0.577599,0.139029
400.jpg,0.020929,0.241924,0.737147
401.jpg,0.022600,0.828198,0.149202
402.jpg,0.583298,0.378307,0.038395
403.jpg,0.216873,0.685030,0.098097
404.jpg,0.086979,0.835191,0.077830
405.jpg,0.138729,0.810420,0.050851
406.jpg,0.812823,0.168957,0.018220
407.jpg,0.032732,0.903454,0.063814
408.jpg,0.057814,0.778981,0.163205
409.jpg,0.033495,0.202945,0.763560
410.jpg,0.429011,0.378820,0.192168
411.jpg,0.099367,0.853477,0.047156
412.jpg,0.076351,0.722862,0.200787
413.jpg,0.023523,0.407412,0.569065
414.jpg,0.019093,0.162915,0.817992
415.jpg,0.856940,0.118878,0.024182
416.jpg,0.907327,0.064101,0.028572
417.jpg,0.098309,0.819196,0.082495
418.jpg,0.063142,0.188236,0.748622
419.jpg,0.602385,0.227895,0.169720
420.jpg,0.024056,0.248471,0.727472
421.jpg,0.192498,0.625379,0.182124
422.jpg,0.049251,0.236183,0.714566
423.jpg,0.071917,0.312995,0.615088
424.jpg,0.049925,0.596903,0.353171
425.jpg,0.054270,0.096923,0.848808
426.jpg,0.055177,0.452826,0.491998
427.jpg,0.028195,0.861290,0.110516
428.jpg,0.025553,0.239700,0.734746
429.jpg,0.042150,0.117694,0.840156
430.jpg,0.567941,0.352172,0.079887
431.jpg,0.943064,0.029459,0.027477
432.jpg,0.045632,0.092634,0.861734
433.jpg,0.119178,0.421076,0.459746
434.jpg,0.414843,0.525985,0.059172
435.jpg,0.036699,0.276908,0.686393
436.jpg,0.372347,0.548053,0.079600
437.jpg,0.465064,0.509715,0.025222
438.jpg,0.030632,0.904287,0.065081
439.jpg,0.043837,0.749593,0.206571
440.jpg,0.045882,0.106864,0.847253
441.jpg,0.049850,0.858954,0.091196
442.jpg,0.253130,0.678672,0.068199
443.jpg,0.128761,0.652511,0.218728
444.jpg,0.048693,0.578771,0.372537
445.jpg,0.513701,0.342884,0.143415
446.jpg,0.167784,0.401849,0.430366
447.jpg,0.136010,0.678263,0.185727
448.jpg,0.059735,0.868258,0.072007
449.jpg,0.315837,0.655951,0.028211
450.jpg,0.035100,0.210924,0.753977
451.jpg,0.072287,0.744202,0.183511
452.jpg,0.031595,0.156083,0.812322
453.jpg,0.429412,0.502379,0.068209
454.jpg,0.154318,0.709638,0.136044
455.jpg,0.143616,0.178007,0.678376
456.jpg,0.281992,0.626757,0.091251
457.jpg,0.706130,0.278215,0.015655
458.jpg,0.112122,0.783104,0.104774
459.jpg,0.085697,0.882145,0.032158
460.jpg,0.040537,0.773717,0.185746
461.jpg,0.133011,0.686001,0.180987
462.jpg,0.086151,0.345464,0.568385
463.jpg,0.138529,0.773245,0.088226
464.jpg,0.093345,0.856986,0.049669
465.jpg,0.033278,0.897941,0.068781
466.jpg,0.055355,0.862518,0.082127
467.jpg,0.896916,0.062456,0.040628
468.jpg,0.144987,0.361727,0.493286
469.jpg,0.029543,0.726923,0.243534
470.jpg,0.388991,0.520676,0.090333
471.jpg,0.050245,0.860821,0.088934
472.jpg,0.472050,0.387799,0.140150
473.jpg,0.069892,0.585287,0.344820
474.jpg,0.057066,0.447838,0.495096
475.jpg,0.068061,0.758016,0.173924
476.jpg,0.085575,0.858275,0.056150
477.jpg,0.921350,0.060333,0.018317
478.jpg,0.061944,0.872694,0.065362
479.jpg,0.018983,0.603421,0.377596
480.jpg,0.091028,0.680889,0.228083
481.jpg,0.039433,0.094434,0.866132
482.jpg,0.931058,0.032761,0.036180
483.jpg,0.531052,0.407554,0.061394
484.jpg,0.127225,0.201277,0.671498
485.jpg,0.103773,0.268639,0.627588
486.jpg,0.059664,0.537065,0.403271
487.jpg,0.406899,0.524535,0.068566
488.jpg,0.052521,0.694262,0.253216
489.jpg,0.367143,0.312897,0.319961
490.jpg,0.057000,0.703370,0.239630
491.jpg,0.037117,0.854937,0.107946
492.jpg,0.721525,0.186679,0.091796
493.jpg,0.544783,0.398384,0.056833
494.jpg,0.064941,0.811425,0.123634
495.jpg,0.166606,0.784371,0.049023
496.jpg,0.108081,0.554312,0.337607
497.jpg,0.084109,0.863718,0.052172
498.jpg,0.067629,0.689834,0.242537
499.jpg,0.051676,0.092696,0.855629
500.jpg,0.102085,0.786162,0.111753
501.jpg,0.415751,0.556633,0.027616
502.jpg,0.060729,0.115013,0.824257
503.jpg,0.125861,0.481812,0.392326
504.jpg,0.039505,0.167091,0.793404
505.jpg,0.043349,0.854146,0.102505
506.jpg,0.077376,0.747480,0.175144
507.jpg,0.318710,0.448084,0.233206
508.jpg,0.167117,0.628922,0.203960
509.jpg,0.039789,0.888363,0.071848
510.jpg,0.028535,0.466230,0.505235
511.jpg,0.040576,0.174740,0.784683
10000.jpg,0.082669,0.839405,0.077926
10001.jpg,0.210981,0.596368,0.192651
10002.jpg,0.045756,0.632330,0.321914
10003.jpg,0.900998,0.045440,0.053562
10004.jpg,0.030544,0.899534,0.069922
10005.jpg,0.070611,0.835790,0.093599
10006.jpg,0.052484,0.604678,0.342838
10007.jpg,0.565862,0.412167,0.021972
10008.jpg,0.023707,0.845809,0.130484
10009.jpg,0.150400,0.785226,0.064375
10010.jpg,0.055443,0.126390,0.818167
10011.jpg,0.110981,0.218508,0.670511
10012.jpg,0.065893,0.728371,0.205735
10013.jpg,0.080703,0.308596,0.610701
10014.jpg,0.043826,0.837888,0.118286
10015.jpg,0.078240,0.394760,0.527000
10016.jpg,0.102097,0.726293,0.171610
10017.jpg,0.111922,0.418274,0.469804
10018.jpg,0.115714,0.297587,0.586699
10019.jpg,0.056325,0.883012,0.060663
10020.jpg,0.051502,0.728601,0.219897
10021.jpg,0.084906,0.545262,0.369832
10022.jpg,0.160386,0.664169,0.175445
10023.jpg,0.290409,0.618337,0.091254
10024.jpg,0.034332,0.147953,0.817715
10025.jpg,0.092018,0.853029,0.054953
10026.jpg,0.191522,0.569198,0.239280
10027.jpg,0.055792,0.783407,0.160801
10028.jpg,0.072319,0.706566,0.221115
10029.jpg,0.863580,0.082580,0.053840
10030.jpg,0.051937,0.171092,0.776971
10031.jpg,0.080242,0.318970,0.600789
10032.jpg,0.075170,0.768684,0.156147
10033.jpg,0.139586,0.797169,0.063245
10034.jpg,0.062175,0.880814,0.057011
10035.jpg,0.049034,0.318136,0.632830
10036.jpg,0.418283,0.470875,0.110842
10037.jpg,0.182251,0.638863,0.178886
10038.jpg,0.031199,0.902315,0.066486
10039.jpg,0.905960,0.058333,0.035708
10040.jpg,0.096390,0.191061,0.712549
10041.jpg,0.215152,0.700949,0.083900
10042.jpg,0.029300,0.223512,0.747188
10043.jpg,0.054779,0.851421,0.093800
10044.jpg,0.034667,0.464505,0.500828
10045.jpg,0.321933,0.596221,0.081846
10046.jpg,0.724087,0.243653,0.032260
10047.jpg,0.198885,0.739497,0.061618
10048.jpg,0.078530,0.751065,0.170405
10049.jpg,0.031685,0.597459,0.370856
10050.jpg,0.051477,0.851978,0.096546
10051.jpg,0.047539,0.741814,0.210647
10052.jpg,0.026200,0.423744,0.550056
10053.jpg,0.231183,0.250461,0.518356
10054.jpg,0.067106,0.845025,0.087869
10055.jpg,0.289996,0.148662,0.561342
10056.jpg,0.030835,0.889246,0.079919
10057.jpg,0.049188,0.753838,0.196974
10058.jpg,0.771870,0.208152,0.019977
10059.jpg,0.076535,0.236976,0.686489
10060.jpg,0.210979,0.734315,0.054706
10061.jpg,0.065875,0.790812,0.143313
10062.jpg,0.239683,0.205562,0.554754
10063.jpg,0.089428,0.842850,0.067722
10064.jpg,0.096215,0.866648,0.037137
10065.jpg,0.143201,0.494332,0.362467
10066.jpg,0.051631,0.136571,0.811799
10067.jpg,0.570129,0.351176,0.078695
10068.jpg,0.021154,0.832536,0.146310
10069.jpg,0.802729,0.114218,0.083053
10070.jpg,0.107867,0.858034,0.034099
10071.jpg,0.027332,0.886206,0.086462
10072.jpg,0.055518,0.151563,0.792919
10073.jpg,0.074765,0.852800,0.072435
10074.jpg,0.116014,0.778075,0.105911
10075.jpg,0.134846,0.819985,0.045169
10076.jpg,0.033024,0.175625,0.791350
10077.jpg,0.048052,0.269454,0.682494
10078.jpg,0.796180,0.155186,0.048634
10079.jpg,0.029175,0.119629,0.851197
10080.jpg,0.063280,0.265039,0.671681
10081.jpg,0.337880,0.584548,0.077572
10082.jpg,0.274116,0.616257,0.109627
10083.jpg,0.046896,0.108542,0.844562
10084.jpg,0.195499,0.565644,0.238857
10085.jpg,0.089256,0.834837,0.075907
10086.jpg,0.063903,0.763476,0.172621
10087.jpg,0.029213,0.881743,0.089044
10088.jpg,0.062017,0.199528,0.738455
10089.jpg,0.018668,0.678782,0.302549
10090.jpg,0.214377,0.654360,0.131263
10091.jpg,0.090169,0.760137,0.149694
10092.jpg,0.170041,0.523053,0.306906
10093.jpg,0.026138,0.807564,0.166298
10094.jpg,0.064844,0.423035,0.512121
10095.jpg,0.289227,0.027421,0.683352
10096.jpg,0.783717,0.175120,0.041163
10097.jpg,0.049433,0.762023,0.188543
10098.jpg,0.071089,0.864094,0.064817
10099.jpg,0.129555,0.677167,0.193278
10100.jpg,0.037079,0.234816,0.728105
10101.jpg,0.281051,0.639717,0.079232
10102.jpg,0.054433,0.448232,0.497335
10103.jpg,0.037672,0.089034,0.873294
10104.jpg,0.064891,0.445173,0.489936
10105.jpg,0.033199,0.131005,0.835796
10106.jpg,0.044918,0.110003,0.845079
10107.jpg,0.081779,0.342529,0.575692
10108.jpg,0.100263,0.846056,0.053681
10109.jpg,0.038727,0.467054,0.494219
10110.jpg,0.041694,0.386271,0.572034
10111.jpg,0.224838,0.729401,0.045760
10112.jpg,0.089582,0.208344,0.702074
10113.jpg,0.063303,0.375361,0.561336
10114.jpg,0.218049,0.722020,0.059930
10115.jpg,0.056252,0.146878,0.796869
10116.jpg,0.246691,0.684382,0.068927
10117.jpg,0.874204,0.069047,0.056749
10118.jpg,0.034356,0.886536,0.079108
10119.jpg,0.745096,0.165833,0.089071
10120.jpg,0.535954,0.425818,0.038228
10121.jpg,0.053191,0.466159,0.480650
10122.jpg,0.084602,0.834917,0.080482
10123.jpg,0.608073,0.374995,0.016932
10124.jpg,0.047809,0.898897,0.053293
10125.jpg,0.022705,0.197341,0.779955
10126.jpg,0.048686,0.889499,0.061815
10127.jpg,0.154494,0.369839,0.475667
10128.jpg,0.017433,0.779990,0.202577
10129.jpg,0.021948,0.589109,0.388944
10130.jpg,0.085682,0.756206,0.158112
10131.jpg,0.044214,0.851380,0.104407
10132.jpg,0.386388,0.573759,0.039854
10133.jpg,0.175506,0.721580,0.102914
10134.jpg,0.048467,0.146646,0.804887
10135.jpg,0.247511,0.462460,0.290028
10136.jpg,0.780825,0.187795,0.031380
10137.jpg,0.673306,0.113963,0.212731
10138.jpg,0.098708,0.866942,0.034351
10139.jpg,0.031213,0.301267,0.667521
10140.jpg,0.135284,0.449362,0.415354
10141.jpg,0.570405,0.400557,0.029038
10142.jpg,0.030562,0.883719,0.085720
10143.jpg,0.104695,0.356904,0.538401
10144.jpg,0.125158,0.802387,0.072455
10145.jpg,0.119075,0.277522,0.603403
10146.jpg,0.313971,0.500916,0.185113
10147.jpg,0.029602,0.894742,0.075656
10148.jpg,0.048676,0.213563,0.737760
10149.jpg,0.043250,0.620334,0.336416
10150.jpg,0.085995,0.835866,0.078139
10151.jpg,0.066991,0.509597,0.423412
10152.jpg,0.025390,0.266096,0.708514
10153.jpg,0.058841,0.516516,0.424643
10154.jpg,0.933453,0.045273,0.021274
10155.jpg,0.056365,0.804472,0.139163
10156.jpg,0.251960,0.668534,0.079506
10157.jpg,0.642356,0.336219,0.021425
10158.jpg,0.050098,0.840291,0.109611
10159.jpg,0.942961,0.032581,0.024458
10160.jpg,0.051456,0.864557,0.083987
10161.jpg,0.040576,0.121839,0.837585
10162.jpg,0.917725,0.030708,0.051567
10163.jpg,0.055821,0.737388,0.206792
10164.jpg,0.073083,0.190898,0.736019
10165.jpg,0.035058,0.105376,0.859566
10166.jpg,0.332721,0.523379,0.143900
10167.jpg,0.044418,0.786152,0.169430
10168.jpg,0.073330,0.834867,0.091803
10169.jpg,0.665686,0.270920,0.063395
10170.jpg,0.032759,0.111665,0.855575
10171.jpg,0.354447,0.494607,0.150947
10172.jpg,0.074053,0.279666,0.646281
10173.jpg,0.174198,0.347804,0.477998
10174.jpg,0.045635,0.202473,0.751893
10175.jpg,0.163254,0.480063,0.356683
10176.jpg,0.110522,0.745253,0.144225
10177.jpg,0.027326,0.866544,0.106130
10178.jpg,0.059443,0.778045,0.162512
10179.jpg,0.036260,0.104909,0.858831
10180.jpg,0.355715,0.488515,0.155770
10181.jpg,0.118977,0.301617,0.579406
10182.jpg,0.186900,0.755024,0.058077
10183.jpg,0.088504,0.101439,0.810057
10184.jpg,0.150032,0.784509,0.065460
10185.jpg,0.044727,0.294039,0.661234
10186.jpg,0.658695,0.318383,0.022922
10187.jpg,0.028953,0.169660,0.801387
10188.jpg,0.056682,0.379383,0.563935
10189.jpg,0.061193,0.444715,0.494091
10190.jpg,0.154309,0.791074,0.054616
10191.jpg,0.670774,0.294476,0.034751
10192.jpg,0.024916,0.847782,0.127302
10193.jpg,0.868785,0.110453,0.020761
10194.jpg,0.056969,0.801486,0.141545
10195.jpg,0.058983,0.150869,0.790148
10196.jpg,0.070155,0.843964,0.085881
10197.jpg,0.137034,0.720006,0.142960
10198.jpg,0.336102,0.597023,0.066876
10199.jpg,0.106037,0.835165,0.058798
10200.jpg,0.065488,0.800641,0.133871
10201.jpg,0.035718,0.878046,0.086237
10202.jpg,0.063200,0.197522,0.739278
10203.jpg,0.045116,0.406084,0.548800
10204.jpg,0.128395,0.805079,0.066526
10205.jpg,0.821550,0.093119,0.085331
10206.jpg,0.244686,0.707461,0.047853
10207.jpg,0.106313,0.845043,0.048644
10208.jpg,0.037801,0.816007,0.146192
10209.jpg,0.076728,0.850521,0.072751
10210.jpg,0.050481,0.358595,0.590924
10211.jpg,0.030758,0.904384,0.064859
10212.jpg,0.051508,0.778300,0.170192
10213.jpg,0.223946,0.665878,0.110176
10214.jpg,0.045131,0.885036,0.069833
10215.jpg,0.052869,0.410796,0.536335
10216.jpg,0.116678,0.737219,0.146103
10217.jpg,0.037751,0.891076,0.071173
10218.jpg,0.044350,0.885442,0.070208
10219.jpg,0.923384,0.038299,0.038317
10220.jpg,0.043429,0.250454,0.706117
10221.jpg,0.850219,0.110428,0.039353
10222.jpg,0.079473,0.081669,0.838857
10223.jpg,0.054000,0.216387,0.729613
10224.jpg,0.037500,0.473776,0.488724
10225.jpg,0.085173,0.418379,0.496449
10226.jpg,0.038697,0.086201,0.875101
10227.jpg,0.095254,0.171070,0.733677
10228.jpg,0.067615,0.864104,0.068281
10229.jpg,0.058702,0.804610,0.136688
10230.jpg,0.051114,0.836204,0.112681
10231.jpg,0.046018,0.604498,0.349484
10232.jpg,0.063957,0.486011,0.450032
10233.jpg,0.889869,0.062167,0.047964
10234.jpg,0.091923,0.826944,0.081133
10235.jpg,0.056382,0.701629,0.241989
10236.jpg,0.021490,0.191434,0.787076
10237.jpg,0.042688,0.199713,0.757599
10238.jpg,0.128145,0.819553,0.052302
10239.jpg,0.076396,0.824053,0.099551
10240.jpg,0.034374,0.317945,0.647680
10241.jpg,0.097201,0.684566,0.218233
10242.jpg,0.115131,0.789165,0.095704
10243.jpg,0.806383,0.164091,0.029526
10244.jpg,0.031577,0.227193,0.741230
10245.jpg,0.198376,0.440696,0.360928
10246.jpg,0.060025,0.731980,0.207995
10247.jpg,0.821867,0.139787,0.038346
10248.jpg,0.041526,0.601425,0.357049
10249.jpg,0.104591,0.685426,0.209983
10250.jpg,0.067383,0.528718,0.403899
10251.jpg,0.432385,0.496623,0.070992
10252.jpg,0.060905,0.474878,0.464217
10253.jpg,0.476664,0.460629,0.062707
10254.jpg,0.033464,0.289721,0.676815
10255.jpg,0.044047,0.887763,0.068190
10256.jpg,0.046458,0.801825,0.151718
10257.jpg,0.051026,0.226389,0.722584
10258.jpg,0.132561,0.745445,0.121994
10259.jpg,0.081605,0.219222,0.699173
10260.jpg,0.045687,0.218092,0.736221
10261.jpg,0.178317,0.488366,0.333317
10262.jpg,0.031989,0.889653,0.078357
10263.jpg,0.314454,0.622378,0.063168
10264.jpg,0.067533,0.849162,0.083305
10265.jpg,0.073402,0.425893,0.500704
10266.jpg,0.032102,0.898728,0.069170
10267.jpg,0.065744,0.837852,0.096405
10268.jpg,0.121387,0.769665,0.108949
10269.jpg,0.189857,0.737367,0.072776
10270.jpg,0.898040,0.075855,0.026105
10271.jpg,0.051493,0.862031,0.086476
10272.jpg,0.040828,0.875978,0.083194
10273.jpg,0.036275,0.879218,0.084507
10274.jpg,0.918891,0.045027,0.036082
10275.jpg,0.835646,0.142500,0.021854
10276.jpg,0.056765,0.862429,0.080805
10277.jpg,0.148195,0.612486,0.239319
10278.jpg,0.210192,0.706258,0.083550
10279.jpg,0.109581,0.500756,0.389663
10280.jpg,0.263116,0.641366,0.095518
10281.jpg,0.666012,0.301963,0.032025
10282.jpg,0.077135,0.233143,0.689722
10283.jpg,0.341272,0.622289,0.036439
10284.jpg,0.199471,0.220663,0.579866
10285.jpg,0.038417,0.158694,0.802888
10286.jpg,0.029451,0.374395,0.596154
10287.jpg,0.045534,0.859355,0.095112
10288.jpg,0.069435,0.674847,0.255718
10289.jpg,0.039756,0.175224,0.785020
10290.jpg,0.069509,0.632131,0.298360
10291.jpg,0.038396,0.897467,0.064138
10292.jpg,0.062665,0.335662,0.601672
10293.jpg,0.692384,0.225828,0.081788
10294.jpg,0.461343,0.336928,0.201729
10295.jpg,0.067174,0.839593,0.093233
10296.jpg,0.077296,0.805244,0.117459
10297.jpg,0.740779,0.193610,0.065611
10298.jpg,0.611655,0.265968,0.122377
10299.jpg,0.038632,0.882470,0.078898
10300.jpg,0.175213,0.718990,0.105798
10301.jpg,0.078237,0.586824,0.334939
10302.jpg,0.049336,0.104548,0.846116
10303.jpg,0.037436,0.444082,0.518481
10304.jpg,0.157735,0.380895,0.461370
10305.jpg,0.768222,0.214887,0.016892
10306.jpg,0.086489,0.812487,0.101024
10307.jpg,0.797219,0.146612,0.056169
10308.jpg,0.028307,0.174363,0.797329
10309.jpg,0.054026,0.596426,0.349548
10310.jpg,0.060678,0.170853,0.768469
10311.jpg,0.026473,0.410499,0.563028
10312.jpg,0.043929,0.870205,0.085866
10313.jpg,0.035612,0.322656,0.641732
10314.jpg,0.055684,0.880516,0.063800
10315.jpg,0.082014,0.450880,0.467106
10316.jpg,0.032174,0.442108,0.525718
10317.jpg,0.047460,0.892561,0.059979
10318.jpg,0.458504,0.257111,0.284385
10319.jpg,0.035048,0.897789,0.067163
10320.jpg,0.062037,0.846911,0.091052
10321.jpg,0.079452,0.313540,0.607008
10322.jpg,0.022748,0.157322,0.819930
10323.jpg,0.024499,0.364192,0.611309
10324.jpg,0.046666,0.843113,0.110221
10325.jpg,0.057978,0.273842,0.668180
10326.jpg,0.022039,0.173504,0.804457
10327.jpg,0.092977,0.727051,0.179972
10328.jpg,0.031249,0.879391,0.089360
10329.jpg,0.057027,0.831599,0.111374
10330.jpg,0.024094,0.290240,0.685666
10331.jpg,0.107310,0.857560,0.035130
10332.jpg,0.049163,0.146220,0.804618
10333.jpg,0.046385,0.106335,0.847280
10334.jpg,0.080434,0.801788,0.117777
10335.jpg,0.079559,0.473751,0.446690
10336.jpg,0.531064,0.297433,0.171503
10337.jpg,0.055682,0.823932,0.120386
10338.jpg,0.158198,0.767474,0.074328
10339.jpg,0.241870,0.459074,0.299056
10340.jpg,0.900410,0.078521,0.021070
10341.jpg,0.292104,0.662477,0.045419
10342.jpg,0.084798,0.415652,0.499550
10343.jpg,0.439004,0.378856,0.182140
10344.jpg,0.036170,0.298728,0.665102
10345.jpg,0.086698,0.200252,0.713051
10346.jpg,0.084647,0.743113,0.172239
10347.jpg,0.040887,0.859989,0.099124
10348.jpg,0.032389,0.127123,0.840488
10349.jpg,0.049391,0.900796,0.049813
10350.jpg,0.069567,0.300756,0.629677
10351.jpg,0.031461,0.634023,0.334516
10352.jpg,0.659406,0.273900,0.066694
10353.jpg,0.042555,0.306435,0.651010
10354.jpg,0.032356,0.783151,0.184493
10355.jpg,0.097908,0.782979,0.119113
10356.jpg,0.092568,0.464098,0.443335
10357.jpg,0.463617,0.478806,0.057576
10358.jpg,0.048298,0.151764,0.799938
10359.jpg,0.030663,0.882289,0.087048
10360.jpg,0.423162,0.494567,0.082271
10361.jpg,0.022210,0.770427,0.207363
10362.jpg,0.087101,0.840102,0.072796
10363.jpg,0.048615,0.807518,0.143867
10364.jpg,0.785227,0.181104,0.033669
10365.jpg,0.258407,0.543432,0.198160
10366.jpg,0.026520,0.199084,0.774397
10367.jpg,0.792425,0.169330,0.038245
10368.jpg,0.133989,0.471287,0.394724
10369.jpg,0.061250,0.748437,0.190313
10370.jpg,0.839652,0.104124,0.056224
10371.jpg,0.839828,0.131373,0.028800
10372.jpg,0.030424,0.903369,0.066208
10373.jpg,0.037270,0.340136,0.622594
10374.jpg,0.065252,0.787191,0.147557
10375.jpg,0.074315,0.856780,0.068905
10376.jpg,0.840649,0.126068,0.033283
10377.jpg,0.043758,0.198136,0.758106
10378.jpg,0.046729,0.090684,0.862587
10379.jpg,0.038258,0.142259,0.819484
10380.jpg,0.300966,0.587992,0.111042
10381.jpg,0.074197,0.149249,0.776555
10382.jpg,0.436793,0.464143,0.099063
10383.jpg,0.070246,0.794421,0.135332
10384.jpg,0.671632,0.294676,0.033692
10385.jpg,0.943070,0.031654,0.025276
10386.jpg,0.036687,0.172936,0.790377
10387.jpg,0.037574,0.890779,0.071646
10388.jpg,0.158802,0.763217,0.077981
10389.jpg,0.058300,0.738141,0.203559
10390.jpg,0.040681,0.880411,0.078908
10391.jpg,0.024345,0.235945,0.739711
10392.jpg,0.186315,0.510916,0.302769
10393.jpg,0.038181,0.095840,0.865979
10394.jpg,0.034026,0.221201,0.744773
10395.jpg,0.125904,0.666671,0.207425
10396.jpg,0.873620,0.107646,0.018734
10397.jpg,0.047335,0.744347,0.208318
10398.jpg,0.771826,0.214291,0.013883
10399.jpg,0.043262,0.125149,0.831589
10400.jpg,0.073110,0.841675,0.085215
10401.jpg,0.150143,0.801859,0.047997
10402.jpg,0.928103,0.054561,0.017336
10403.jpg,0.042422,0.229631,0.727947
10404.jpg,0.179650,0.486447,0.333903
10405.jpg,0.917569,0.061891,0.020540
10406.jpg,0.101664,0.843677,0.054658
10407.jpg,0.872054,0.110897,0.017049
10408.jpg,0.819886,0.141758,0.038356
10409.jpg,0.153170,0.779579,0.067251
10410.jpg,0.097707,0.867404,0.034889
10411.jpg,0.051002,0.874347,0.074651
10412.jpg,0.541423,0.366037,0.092540
10413.jpg,0.128222,0.810603,0.061176
10414.jpg,0.024450,0.426324,0.549225
10415.jpg,0.267759,0.708158,0.024084
10416.jpg,0.035880,0.140567,0.823553
10417.jpg,0.103024,0.828882,0.068094
10418.jpg,0.039464,0.847824,0.112712
10419.jpg,0.021175,0.312866,0.665959
10420.jpg,0.840123,0.120608,0.039269
10421.jpg,0.043258,0.870714,0.086028
10422.jpg,0.040018,0.871700,0.088282
10423.jpg,0.070258,0.857891,0.071850
10424.jpg,0.033277,0.101718,0.865005
10425.jpg,0.125444,0.783348,0.091209
10426.jpg,0.065720,0.799816,0.134464
10427.jpg,0.064589,0.586408,0.349003
10428.jpg,0.083557,0.247778,0.668665
10429.jpg,0.060827,0.710376,0.228798
10430.jpg,0.042970,0.359775,0.597256
10431.jpg,0.584523,0.400162,0.015315
10432.jpg,0.039173,0.144871,0.815956
10433.jpg,0.046613,0.894431,0.058956
10434.jpg,0.041315,0.095371,0.863314
10435.jpg,0.038454,0.464132,0.497414
10436.jpg,0.048019,0.827728,0.124253
10437.jpg,0.106230,0.710320,0.183450
10438.jpg,0.049833,0.171601,0.778566
10439.jpg,0.051810,0.273269,0.674922
10440.jpg,0.038548,0.236760,0.724693
10441.jpg,0.043110,0.575855,0.381034
10442.jpg,0.103223,0.185838,0.710940
10443.jpg,0.044599,0.277746,0.677655
10444.jpg,0.040717,0.878237,0.081046
10445.jpg,0.668880,0.083632,0.247488
10446.jpg,0.904628,0.054259,0.041112
10447.jpg,0.026474,0.890891,0.082634
10448.jpg,0.037730,0.155716,0.806554
10449.jpg,0.075832,0.625822,0.298346
10450.jpg,0.077694,0.633217,0.289089
10451.jpg,0.840352,0.065192,0.094456
10452.jpg,0.037386,0.839080,0.123534
10453.jpg,0.320703,0.648615,0.030682
10454.jpg,0.251508,0.649332,0.099161
10455.jpg,0.042675,0.868625,0.088700
10456.jpg,0.053646,0.511144,0.435209
10457.jpg,0.040072,0.225885,0.734042
10458.jpg,0.042869,0.661620,0.295510
10459.jpg,0.039256,0.138012,0.822732
10460.jpg,0.048952,0.848758,0.102290
10461.jpg,0.796320,0.178735,0.024944
10462.jpg,0.040032,0.226498,0.733470
10463.jpg,0.037263,0.902617,0.060120
10464.jpg,0.022556,0.486120,0.491324
10465.jpg,0.046803,0.149429,0.803768
10466.jpg,0.049433,0.525490,0.425077
10467.jpg,0.184619,0.705092,0.110289
10468.jpg,0.119863,0.588930,0.291208
10469.jpg,0.029611,0.108066,0.862323
10470.jpg,0.135075,0.643851,0.221074
10471.jpg,0.045934,0.243480,0.710586
10472.jpg,0.490456,0.433341,0.076203
10473.jpg,0.044653,0.761955,0.193392
10474.jpg,0.063240,0.407468,0.529292
10475.jpg,0.139720,0.786832,0.073448
10476.jpg,0.252380,0.080121,0.667499
10477.jpg,0.050262,0.111701,0.838037
10478.jpg,0.073428,0.234046,0.692526
10479.jpg,0.105797,0.750849,0.143354
10480.jpg,0.078407,0.865052,0.056541
10481.jpg,0.067097,0.132508,0.800395
10482.jpg,0.083585,0.281402,0.635013
10483.jpg,0.046666,0.476428,0.476907
10484.jpg,0.061821,0.767085,0.171094
10485.jpg,0.045625,0.210802,0.743573
10486.jpg,0.139091,0.775677,0.085232
10487.jpg,0.683592,0.088039,0.228370
10488.jpg,0.065981,0.432006,0.502013
10489.jpg,0.026540,0.862285,0.111174
10490.jpg,0.035167,0.904455,0.060377
10491.jpg,0.940491,0.036963,0.022546
10492.jpg,0.041242,0.671376,0.287381
10493.jpg,0.061420,0.852011,0.086568
10494.jpg,0.051027,0.883435,0.065538
10495.jpg,0.723601,0.177697,0.098703
10496.jpg,0.221842,0.667417,0.110740
10497.jpg,0.041156,0.229299,0.729546
10498.jpg,0.063477,0.216247,0.720277
10499.jpg,0.027781,0.635276,0.336943
10500.jpg,0.044413,0.518214,0.437373
10501.jpg,0.208742,0.684249,0.107009
10502.jpg,0.127465,0.414396,0.458139
10503.jpg,0.041525,0.178606,0.779869
10504.jpg,0.046702,0.775558,0.177740
10505.jpg,0.058765,0.093653,0.847581
10506.jpg,0.782619,0.174553,0.042828
10507.jpg,0.047875,0.803324,0.148801
10508.jpg,0.099589,0.681109,0.219303
10509.jpg,0.053265,0.853269,0.093466
10510.jpg,0.032282,0.180002,0.787716
10511.jpg,0.066542,0.379642,0.553816
10512.jpg,0.092311,0.328898,0.578791
10513.jpg,0.335751,0.584622,0.079627
10514.jpg,0.620533,0.228705,0.150762
10515.jpg,0.100433,0.852859,0.046708
10516.jpg,0.031319,0.843496,0.125185
10517.jpg,0.062732,0.430135,0.507133
10518.jpg,0.027699,0.144579,0.827722
10519.jpg,0.060777,0.870817,0.068407
10520.jpg,0.046567,0.258000,0.695433
10521.jpg,0.056976,0.786598,0.156426
10522.jpg,0.045500,0.884280,0.070220
10523.jpg,0.045620,0.665966,0.288414
10524.jpg,0.866326,0.115513,0.018160
10525.jpg,0.033690,0.205444,0.760866
10526.jpg,0.099263,0.780092,0.120644
10527.jpg,0.027255,0.263350,0.709395
10528.jpg,0.048240,0.887211,0.064549
10529.jpg,0.037569,0.879908,0.082524
10530.jpg,0.079232,0.801888,0.118880
10531.jpg,0.049615,0.106517,0.843867
10532.jpg,0.659325,0.239473,0.101202
10533.jpg,0.046746,0.099032,0.854222
10534.jpg,0.505986,0.404202,0.089812
10535.jpg,0.179491,0.511291,0.309218
10536.jpg,0.068324,0.843273,0.088403
10537.jpg,0.710837,0.207772,0.081391
10538.jpg,0.073573,0.742707,0.183720
10539.jpg,0.081610,0.778813,0.139576
10540.jpg,0.031772,0.503241,0.464987
10541.jpg,0.097780,0.761181,0.141038
10542.jpg,0.736900,0.241099,0.022001
10543.jpg,0.735252,0.179155,0.085593
10544.jpg,0.918156,0.053818,0.028026
10545.jpg,0.942330,0.032283,0.025388
10546.jpg,0.160862,0.684395,0.154743
10547.jpg,0.044902,0.852417,0.102682
10548.jpg,0.109113,0.823766,0.067121
10549.jpg,0.027888,0.613084,0.359028
10550.jpg,0.051180,0.786543,0.162278
10551.jpg,0.039754,0.696089,0.264157
10552.jpg,0.059754,0.862738,0.077508
10553.jpg,0.039865,0.102659,0.857475
10554.jpg,0.033583,0.841611,0.124806
10555.jpg,0.046182,0.886944,0.066874
10556.jpg,0.043262,0.184653,0.772085
10557.jpg,0.490693,0.329609,0.179698
10558.jpg,0.044674,0.143957,0.811369
10559.jpg,0.041286,0.127332,0.831383
10560.jpg,0.113393,0.744558,0.142050
10561.jpg,0.041664,0.211789,0.746547
10562.jpg,0.056327,0.093940,0.849732
10563.jpg,0.032777,0.147287,0.819936
10564.jpg,0.351759,0.594642,0.053599
10565.jpg,0.494279,0.398721,0.107000
10566.jpg,0.913512,0.056925,0.029562
10567.jpg,0.048918,0.600668,0.350414
10568.jpg,0.028358,0.189102,0.782541
10569.jpg,0.079265,0.840138,0.080597
10570.jpg,0.127362,0.747735,0.124903
10571.jpg,0.039088,0.087404,0.873507
10572.jpg,0.142844,0.242967,0.614188
10573.jpg,0.032085,0.850701,0.117214
10574.jpg,0.285824,0.357625,0.356550
10575.jpg,0.674957,0.108477,0.216566
10576.jpg,0.140157,0.718916,0.140927
10577.jpg,0.088238,0.864667,0.047095
10578.jpg,0.045165,0.820792,0.134042
10579.jpg,0.059422,0.178101,0.762476
10580.jpg,0.523051,0.376658,0.100291
10581.jpg,0.052649,0.879780,0.067571
10582.jpg,0.267656,0.613610,0.118734
10583.jpg,0.047366,0.087166,0.865468
10584.jpg,0.183786,0.102393,0.713821
10585.jpg,0.036477,0.123521,0.840002
10586.jpg,0.070424,0.791783,0.137793
10587.jpg,0.423687,0.553146,0.023166
10588.jpg,0.040304,0.773699,0.185997
10589.jpg,0.708892,0.277608,0.013500
10590.jpg,0.763951,0.136226,0.099823
10591.jpg,0.074485,0.322766,0.602749
10592.jpg,0.056402,0.839121,0.104477
10593.jpg,0.041736,0.261085,0.697179
10594.jpg,0.651370,0.317201,0.031430
10595.jpg,0.151871,0.117440,0.730689
10596.jpg,0.056148,0.827720,0.116132
10597.jpg,0.060601,0.815723,0.123676
