image_name,Type_1,Type_2,Type_3
0.jpg,0.175630,0.705004,0.119367
1.jpg,0.099638,0.821630,0.078732
2.jpg,0.638511,0.344251,0.017238
3.jpg,0.036148,0.740632,0.223221
4.jpg,0.036024,0.101748,0.862228
5.jpg,0.119744,0.780895,0.099361
6.jpg,0.171910,0.711974,0.116116
7.jpg,0.029547,0.290444,0.680008
8.jpg,0.152937,0.783613,0.063450
9.jpg,0.044090,0.864597,0.091313
10.jpg,0.587186,0.344911,0.067903
11.jpg,0.033472,0.090619,0.875909
12.jpg,0.028789,0.172011,0.799200
13.jpg,0.043196,0.114440,0.842363
14.jpg,0.029625,0.752722,0.217653
15.jpg,0.044844,0.179161,0.775995
16.jpg,0.783160,0.173157,0.043683
17.jpg,0.470545,0.326199,0.203256
18.jpg,0.049652,0.894564,0.055784
19.jpg,0.043680,0.202096,0.754223
20.jpg,0.952939,0.028947,0.018114
21.jpg,0.129252,0.844177,0.026571
22.jpg,0.060228,0.864231,0.075541
23.jpg,0.668427,0.263565,0.068008
24.jpg,0.570582,0.294325,0.135093
25.jpg,0.130325,0.758378,0.111297
26.jpg,0.254504,0.693551,0.051946
27.jpg,0.036588,0.439273,0.524139
28.jpg,0.124029,0.485217,0.390753
29.jpg,0.072891,0.708273,0.218836
30.jpg,0.196156,0.737106,0.066738
31.jpg,0.401102,0.581977,0.016921
32.jpg,0.486928,0.406901,0.106171
33.jpg,0.429706,0.479694,0.090600
34.jpg,0.094421,0.773019,0.132560
35.jpg,0.054878,0.517604,0.427517
36.jpg,0.063907,0.911682,0.024411
37.jpg,0.571273,0.291183,0.137544
38.jpg,0.111589,0.686805,0.201606
39.jpg,0.137021,0.590482,0.272498
40.jpg,0.038667,0.167627,0.793706
41.jpg,0.054092,0.423171,0.522737
42.jpg,0.042083,0.861721,0.096196
43.jpg,0.033270,0.804002,0.162727
44.jpg,0.103962,0.759839,0.136199
45.jpg,0.031030,0.219935,0.749035
46.jpg,0.065041,0.250263,0.684696
47.jpg,0.547880,0.432981,0.019138
48.jpg,0.040709,0.137569,0.821722
49.jpg,0.050552,0.161673,0.787775
50.jpg,0.040243,0.248461,0.711297
51.jpg,0.970226,0.015764,0.014010
52.jpg,0.045580,0.311007,0.643413
53.jpg,0.035570,0.174142,0.790288
54.jpg,0.032305,0.248977,0.718719
55.jpg,0.245236,0.071407,0.683357
56.jpg,0.039106,0.908277,0.052617
57.jpg,0.218588,0.648411,0.133002
58.jpg,0.062197,0.497443,0.440359
59.jpg,0.888604,0.061833,0.049563
60.jpg,0.064653,0.429228,0.506119
61.jpg,0.180274,0.748131,0.071595
62.jpg,0.048356,0.187350,0.764294
63.jpg,0.065186,0.817505,0.117309
64.jpg,0.056899,0.888840,0.054261
65.jpg,0.900019,0.078301,0.021680
66.jpg,0.061835,0.129094,0.809071
67.jpg,0.035350,0.091441,0.873209
68.jpg,0.041295,0.885156,0.073548
69.jpg,0.109613,0.409290,0.481097
70.jpg,0.816560,0.179552,0.003888
71.jpg,0.127154,0.780441,0.092405
72.jpg,0.044201,0.910203,0.045597
73.jpg,0.225353,0.429931,0.344716
74.jpg,0.040662,0.578440,0.380898
75.jpg,0.161637,0.601685,0.236679
76.jpg,0.049128,0.119097,0.831776
77.jpg,0.060174,0.860772,0.079054
78.jpg,0.033555,0.080885,0.885560
79.jpg,0.856931,0.128864,0.014204
80.jpg,0.039224,0.192631,0.768146
81.jpg,0.082416,0.458867,0.458717
82.jpg,0.451848,0.523002,0.025150
83.jpg,0.031808,0.089462,0.878730
84.jpg,0.858658,0.132102,0.009240
85.jpg,0.058136,0.901699,0.040165
86.jpg,0.035275,0.085082,0.879642
87.jpg,0.049494,0.110110,0.840396
88.jpg,0.377956,0.525060,0.096984
89.jpg,0.048171,0.299933,0.651895
90.jpg,0.492586,0.478313,0.029101
91.jpg,0.470554,0.527752,0.001694
92.jpg,0.021125,0.359534,0.619341
93.jpg,0.051367,0.919814,0.028819
94.jpg,0.097921,0.735159,0.166920
95.jpg,0.043032,0.856980,0.099987
96.jpg,0.347823,0.622870,0.029307
97.jpg,0.185526,0.218411,0.596063
98.jpg,0.106102,0.874194,0.019704
99.jpg,0.108134,0.187455,0.704411
100.jpg,0.109549,0.802056,0.088395
101.jpg,0.622009,0.304983,0.073008
102.jpg,0.262535,0.646483,0.090982
103.jpg,0.130049,0.843051,0.026900
104.jpg,0.072856,0.215655,0.711489
105.jpg,0.030499,0.093188,0.876312
106.jpg,0.107909,0.788208,0.103883
107.jpg,0.042428,0.530411,0.427161
108.jpg,0.036422,0.495148,0.468430
109.jpg,0.035851,0.180391,0.783759
110.jpg,0.039067,0.904256,0.056677
111.jpg,0.115019,0.626925,0.258056
112.jpg,0.033215,0.795437,0.171348
113.jpg,0.026790,0.547772,0.425438
114.jpg,0.099973,0.252870,0.647156
115.jpg,0.050308,0.829516,0.120176
116.jpg,0.035722,0.209348,0.754930
117.jpg,0.385303,0.478925,0.135773
118.jpg,0.038831,0.119379,0.841790
119.jpg,0.520472,0.114845,0.364682
120.jpg,0.085187,0.829603,0.085210
121.jpg,0.055745,0.855019,0.089236
122.jpg,0.035456,0.106259,0.858285
123.jpg,0.446542,0.478184,0.075274
124.jpg,0.033927,0.101894,0.864179
125.jpg,0.051158,0.639349,0.309494
126.jpg,0.038948,0.907816,0.053236
127.jpg,0.185267,0.686258,0.128475
128.jpg,0.041627,0.902124,0.056249
129.jpg,0.046928,0.883730,0.069342
130.jpg,0.904415,0.084306,0.011278
131.jpg,0.036155,0.093816,0.870029
132.jpg,0.040682,0.540583,0.418734
133.jpg,0.076321,0.161528,0.762151
134.jpg,0.040986,0.892594,0.066420
135.jpg,0.060812,0.828927,0.110261
136.jpg,0.040167,0.907810,0.052023
137.jpg,0.508446,0.426645,0.064910
138.jpg,0.059872,0.773930,0.166198
139.jpg,0.042373,0.875781,0.081846
140.jpg,0.062009,0.884211,0.053780
141.jpg,0.047023,0.251013,0.701964
142.jpg,0.903142,0.060712,0.036146
143.jpg,0.043329,0.263506,0.693165
144.jpg,0.492391,0.423853,0.083757
145.jpg,0.030921,0.108394,0.860685
146.jpg,0.042965,0.914001,0.043033
147.jpg,0.046709,0.837728,0.115563
148.jpg,0.411801,0.496793,0.091406
149.jpg,0.031803,0.454347,0.513850
150.jpg,0.784562,0.189071,0.026367
151.jpg,0.035762,0.186679,0.777558
152.jpg,0.036773,0.910197,0.053030
153.jpg,0.036474,0.105742,0.857784
154.jpg,0.839897,0.121266,0.038837
155.jpg,0.112286,0.408882,0.478832
156.jpg,0.066849,0.774502,0.158649
157.jpg,0.051812,0.517122,0.431067
158.jpg,0.043653,0.224649,0.731697
159.jpg,0.126652,0.503473,0.369875
160.jpg,0.121152,0.787003,0.091845
161.jpg,0.084924,0.590120,0.324956
162.jpg,0.047546,0.327111,0.625343
163.jpg,0.069148,0.549820,0.381032
164.jpg,0.099461,0.705601,0.194938
165.jpg,0.838093,0.142135,0.019772
166.jpg,0.169616,0.432820,0.397564
167.jpg,0.030720,0.248863,0.720417
168.jpg,0.110944,0.678333,0.210723
169.jpg,0.054921,0.883627,0.061451
170.jpg,0.062312,0.874783,0.062905
171.jpg,0.050192,0.388467,0.561341
172.jpg,0.046375,0.353122,0.600503
173.jpg,0.064372,0.312642,0.622986
174.jpg,0.535893,0.203978,0.260129
175.jpg,0.025779,0.559595,0.414626
176.jpg,0.085268,0.778623,0.136109
177.jpg,0.065188,0.840890,0.093922
178.jpg,0.047640,0.141162,0.811198
179.jpg,0.248648,0.691684,0.059668
180.jpg,0.064698,0.358124,0.577178
181.jpg,0.092428,0.410671,0.496901
182.jpg,0.037736,0.110459,0.851805
183.jpg,0.146094,0.813175,0.040731
184.jpg,0.034722,0.117159,0.848118
185.jpg,0.060760,0.380802,0.558438
186.jpg,0.042120,0.889122,0.068758
187.jpg,0.091374,0.691244,0.217382
188.jpg,0.048238,0.131048,0.820713
189.jpg,0.101374,0.408720,0.489905
190.jpg,0.045155,0.896619,0.058226
191.jpg,0.031798,0.098913,0.869290
192.jpg,0.133022,0.212916,0.654062
193.jpg,0.845433,0.088153,0.066414
194.jpg,0.038161,0.512063,0.449777
195.jpg,0.121910,0.729426,0.148663
196.jpg,0.870127,0.080453,0.049420
197.jpg,0.308258,0.635868,0.055875
198.jpg,0.044551,0.277514,0.677935
199.jpg,0.082670,0.425998,0.491332
200.jpg,0.084440,0.809043,0.106517
201.jpg,0.093743,0.765608,0.140650
202.jpg,0.378551,0.484420,0.137028
203.jpg,0.041421,0.818711,0.139868
204.jpg,0.035361,0.126572,0.838067
205.jpg,0.044697,0.137880,0.817423
206.jpg,0.114306,0.820577,0.065117
207.jpg,0.043407,0.486869,0.469724
208.jpg,0.036941,0.146550,0.816509
209.jpg,0.033696,0.083539,0.882765
210.jpg,0.107794,0.306354,0.585852
211.jpg,0.267047,0.707875,0.025078
212.jpg,0.066830,0.790981,0.142189
213.jpg,0.044133,0.153950,0.801917
214.jpg,0.201112,0.632017,0.166871
215.jpg,0.223959,0.589136,0.186905
216.jpg,0.039417,0.908823,0.051760
217.jpg,0.121271,0.777893,0.100836
218.jpg,0.057803,0.882132,0.060065
219.jpg,0.051074,0.494290,0.454636
220.jpg,0.100448,0.872749,0.026803
221.jpg,0.061755,0.273057,0.665188
222.jpg,0.040581,0.338826,0.620593
223.jpg,0.033306,0.091017,0.875677
224.jpg,0.032669,0.086054,0.881276
225.jpg,0.061015,0.776783,0.162202
226.jpg,0.034939,0.318441,0.646620
227.jpg,0.047867,0.892473,0.059660
228.jpg,0.043470,0.893906,0.062623
229.jpg,0.113386,0.755037,0.131577
230.jpg,0.417349,0.288972,0.293678
231.jpg,0.965047,0.022350,0.012602
232.jpg,0.905311,0.065026,0.029664
233.jpg,0.210661,0.752130,0.037209
234.jpg,0.259675,0.248961,0.491364
235.jpg,0.064527,0.827113,0.108360
236.jpg,0.054004,0.869707,0.076289
237.jpg,0.067529,0.239078,0.693393
238.jpg,0.040787,0.131705,0.827507
239.jpg,0.036945,0.909353,0.053702
240.jpg,0.083570,0.283786,0.632644
241.jpg,0.287705,0.574268,0.138027
242.jpg,0.057167,0.683991,0.258843
243.jpg,0.389011,0.536165,0.074824
244.jpg,0.032186,0.155894,0.811920
245.jpg,0.329523,0.599590,0.070887
246.jpg,0.044983,0.840028,0.114989
247.jpg,0.259200,0.259370,0.481430
248.jpg,0.101739,0.578818,0.319443
249.jpg,0.245885,0.588081,0.166034
250.jpg,0.119880,0.779631,0.100490
251.jpg,0.049587,0.892520,0.057893
252.jpg,0.186822,0.492312,0.320866
253.jpg,0.334375,0.526821,0.138804
254.jpg,0.033450,0.082676,0.883874
255.jpg,0.049632,0.834316,0.116052
256.jpg,0.042817,0.145933,0.811250
257.jpg,0.047617,0.902384,0.049999
258.jpg,0.088340,0.618023,0.293637
259.jpg,0.057316,0.470894,0.471789
260.jpg,0.850485,0.145201,0.004314
261.jpg,0.533913,0.426893,0.039194
262.jpg,0.584406,0.401215,0.014380
263.jpg,0.054359,0.849292,0.096349
264.jpg,0.055402,0.193317,0.751281
265.jpg,0.055902,0.267568,0.676531
266.jpg,0.033071,0.095570,0.871359
267.jpg,0.310692,0.641440,0.047868
268.jpg,0.781386,0.193231,0.025383
269.jpg,0.388666,0.581350,0.029984
270.jpg,0.029533,0.088306,0.882161
271.jpg,0.148522,0.755731,0.095746
272.jpg,0.124876,0.645287,0.229836
273.jpg,0.051992,0.684692,0.263317
274.jpg,0.318931,0.674158,0.006912
275.jpg,0.057743,0.127482,0.814775
276.jpg,0.048814,0.508919,0.442267
277.jpg,0.290730,0.629995,0.079275
278.jpg,0.052827,0.819014,0.128159
279.jpg,0.033425,0.151340,0.815235
280.jpg,0.192060,0.680031,0.127908
281.jpg,0.060647,0.312996,0.626357
282.jpg,0.048068,0.910169,0.041764
283.jpg,0.040783,0.139671,0.819546
284.jpg,0.034142,0.110536,0.855322
285.jpg,0.574421,0.395175,0.030404
286.jpg,0.062712,0.813019,0.124269
287.jpg,0.042985,0.142955,0.814060
288.jpg,0.037412,0.887603,0.074985
289.jpg,0.921652,0.061991,0.016357
290.jpg,0.037983,0.889713,0.072305
291.jpg,0.409962,0.504233,0.085806
292.jpg,0.643981,0.104791,0.251228
293.jpg,0.868586,0.124316,0.007098
294.jpg,0.042443,0.887825,0.069732
295.jpg,0.052185,0.858007,0.089809
296.jpg,0.041649,0.894547,0.063803
297.jpg,0.245529,0.733963,0.020507
298.jpg,0.050668,0.258767,0.690565
299.jpg,0.136321,0.783094,0.080586
300.jpg,0.050490,0.842601,0.106909
301.jpg,0.098079,0.580230,0.321691
302.jpg,0.070445,0.477739,0.451816
303.jpg,0.408045,0.432106,0.159848
304.jpg,0.966147,0.018664,0.015189
305.jpg,0.044254,0.871589,0.084157
306.jpg,0.243446,0.672914,0.083640
307.jpg,0.029256,0.152539,0.818205
308.jpg,0.838215,0.143966,0.017820
309.jpg,0.032972,0.482363,0.484664
310.jpg,0.048111,0.598350,0.353540
311.jpg,0.038387,0.107957,0.853656
312.jpg,0.901499,0.095319,0.003182
313.jpg,0.045121,0.181013,0.773866
314.jpg,0.052777,0.886761,0.060462
315.jpg,0.217047,0.719429,0.063523
316.jpg,0.915327,0.075725,0.008947
317.jpg,0.822705,0.047434,0.129861
318.jpg,0.084709,0.892240,0.023051
319.jpg,0.029661,0.832751,0.137588
320.jpg,0.100137,0.874910,0.024953
321.jpg,0.185699,0.487675,0.326626
322.jpg,0.088592,0.635406,0.276002
323.jpg,0.050638,0.657266,0.292096
324.jpg,0.088211,0.839740,0.072049
325.jpg,0.039487,0.115548,0.844965
326.jpg,0.033231,0.086330,0.880439
327.jpg,0.042340,0.360656,0.597004
328.jpg,0.050239,0.519379,0.430382
329.jpg,0.032303,0.705409,0.262288
330.jpg,0.107352,0.778539,0.114109
331.jpg,0.618028,0.379822,0.002150
332.jpg,0.061319,0.448004,0.490677
333.jpg,0.031137,0.085466,0.883397
334.jpg,0.033848,0.106397,0.859755
335.jpg,0.036740,0.096333,0.866927
336.jpg,0.942704,0.047125,0.010171
337.jpg,0.031496,0.171049,0.797455
338.jpg,0.056031,0.886678,0.057291
339.jpg,0.035540,0.110276,0.854184
340.jpg,0.089372,0.762971,0.147656
341.jpg,0.063602,0.727913,0.208485
342.jpg,0.068576,0.677619,0.253805
343.jpg,0.033954,0.409636,0.556409
344.jpg,0.949411,0.038936,0.011654
345.jpg,0.940880,0.049096,0.010024
346.jpg,0.062495,0.764855,0.172650
347.jpg,0.055077,0.875376,0.069547
348.jpg,0.048493,0.813460,0.138047
349.jpg,0.082643,0.827450,0.089907
350.jpg,0.024029,0.604042,0.371929
351.jpg,0.052592,0.447043,0.500365
352.jpg,0.032925,0.838163,0.128912
353.jpg,0.032715,0.221405,0.745879
354.jpg,0.127987,0.816514,0.055500
355.jpg,0.957035,0.022099,0.020866
356.jpg,0.967317,0.015644,0.017039
357.jpg,0.095661,0.729324,0.175015
358.jpg,0.053842,0.900476,0.045682
359.jpg,0.038858,0.105208,0.855934
360.jpg,0.042700,0.904248,0.053053
361.jpg,0.255444,0.663348,0.081209
362.jpg,0.030088,0.744283,0.225629
363.jpg,0.121980,0.753512,0.124508
364.jpg,0.049619,0.159631,0.790750
365.jpg,0.054678,0.881215,0.064107
366.jpg,0.044635,0.169033,0.786332
367.jpg,0.879383,0.103127,0.017490
368.jpg,0.478274,0.349472,0.172254
369.jpg,0.044437,0.886265,0.069299
370.jpg,0.056019,0.851094,0.092887
371.jpg,0.904761,0.081657,0.013582
372.jpg,0.039008,0.097378,0.863613
373.jpg,0.107035,0.829216,0.063749
374.jpg,0.218027,0.639753,0.142221
375.jpg,0.046032,0.906832,0.047136
376.jpg,0.039109,0.112609,0.848282
377.jpg,0.051514,0.849926,0.098560
378.jpg,0.025276,0.531952,0.442771
379.jpg,0.066539,0.308950,0.624511
380.jpg,0.059132,0.746166,0.194702
381.jpg,0.188792,0.656695,0.154513
382.jpg,0.944818,0.019407,0.035775
383.jpg,0.095685,0.744395,0.159920
384.jpg,0.036393,0.834965,0.128642
385.jpg,0.049229,0.830207,0.120564
386.jpg,0.064535,0.161767,0.773698
387.jpg,0.033609,0.552168,0.414223
388.jpg,0.035180,0.606322,0.358498
389.jpg,0.057517,0.885494,0.056989
390.jpg,0.071174,0.864410,0.064416
391.jpg,0.029669,0.242434,0.727897
392.jpg,0.145067,0.650310,0.204623
393.jpg,0.032903,0.152552,0.814544
394.jpg,0.090439,0.804410,0.105151
395.jpg,0.215699,0.653880,0.130421
396.jpg,0.051975,0.900591,0.047435
397.jpg,0.101379,0.827297,0.071325
398.jpg,0.037913,0.140464,0.821623
399.jpg,0.202134,0.473761,0.324106
400.jpg,0.036501,0.243076,0.720422
401.jpg,0.038769,0.806664,0.154566
402.jpg,0.797209,0.136165,0.066626
403.jpg,0.397864,0.355561,0.246575
404.jpg,0.094989,0.862938,0.042073
405.jpg,0.071001,0.867611,0.061388
406.jpg,0.887907,0.037466,0.074627
407.jpg,0.050470,0.896989,0.052541
408.jpg,0.058319,0.893461,0.048220
409.jpg,0.063570,0.274363,0.662067
410.jpg,0.505279,0.464950,0.029771
411.jpg,0.065995,0.884926,0.049079
412.jpg,0.084705,0.714333,0.200962
413.jpg,0.027570,0.297133,0.675296
414.jpg,0.029440,0.246108,0.724453
415.jpg,0.897969,0.082165,0.019866
416.jpg,0.898277,0.077669,0.024053
417.jpg,0.102041,0.835346,0.062613
418.jpg,0.036894,0.117174,0.845931
419.jpg,0.701039,0.235714,0.063247
420.jpg,0.040650,0.470963,0.488387
421.jpg,0.244520,0.583056,0.172424
422.jpg,0.046283,0.157807,0.795910
423.jpg,0.041133,0.190814,0.768053
424.jpg,0.072729,0.593171,0.334100
425.jpg,0.036182,0.087998,0.875820
426.jpg,0.049600,0.342007,0.608392
427.jpg,0.039492,0.883688,0.076819
428.jpg,0.033525,0.226512,0.739963
429.jpg,0.042197,0.166837,0.790966
430.jpg,0.269364,0.718738,0.011898
431.jpg,0.955466,0.023760,0.020774
432.jpg,0.035175,0.097270,0.867555
433.jpg,0.104799,0.256879,0.638323
434.jpg,0.497792,0.375810,0.126398
435.jpg,0.030120,0.268987,0.700894
436.jpg,0.258030,0.719981,0.021989
437.jpg,0.464015,0.445233,0.090752
438.jpg,0.041981,0.891305,0.066714
439.jpg,0.041139,0.833341,0.125520
440.jpg,0.037747,0.119189,0.843064
441.jpg,0.067139,0.842819,0.090043
442.jpg,0.355640,0.488312,0.156048
443.jpg,0.076612,0.489195,0.434193
444.jpg,0.207546,0.610556,0.181898
445.jpg,0.240405,0.099653,0.659941
446.jpg,0.184652,0.415541,0.399807
447.jpg,0.095974,0.721731,0.182295
448.jpg,0.051323,0.756820,0.191857
449.jpg,0.368120,0.564871,0.067009
450.jpg,0.032989,0.129695,0.837316
451.jpg,0.055585,0.825963,0.118451
452.jpg,0.035753,0.312156,0.652091
453.jpg,0.387349,0.462647,0.150005
454.jpg,0.492778,0.456940,0.050282
455.jpg,0.348470,0.136025,0.515505
456.jpg,0.389750,0.432138,0.178111
457.jpg,0.662980,0.311140,0.025880
458.jpg,0.100047,0.793231,0.106721
459.jpg,0.174933,0.803194,0.021873
460.jpg,0.079584,0.826131,0.094285
461.jpg,0.252264,0.577108,0.170628
462.jpg,0.125243,0.621926,0.252831
463.jpg,0.158692,0.543045,0.298263
464.jpg,0.097489,0.840664,0.061847
465.jpg,0.038061,0.911341,0.050598
466.jpg,0.054714,0.871447,0.073839
467.jpg,0.940805,0.033325,0.025870
468.jpg,0.164777,0.658063,0.177160
469.jpg,0.025451,0.704647,0.269902
470.jpg,0.242307,0.690254,0.067439
471.jpg,0.060591,0.892426,0.046983
472.jpg,0.337713,0.348339,0.313948
473.jpg,0.062996,0.647897,0.289107
474.jpg,0.256875,0.463606,0.279519
475.jpg,0.120579,0.736258,0.143163
476.jpg,0.082997,0.796649,0.120354
477.jpg,0.942962,0.036281,0.020757
478.jpg,0.120060,0.795240,0.084700
479.jpg,0.096580,0.869886,0.033534
480.jpg,0.102138,0.803538,0.094324
481.jpg,0.038504,0.134354,0.827142
482.jpg,0.954316,0.032623,0.013061
483.jpg,0.694818,0.108722,0.196460
484.jpg,0.092494,0.221149,0.686358
485.jpg,0.068920,0.401272,0.529807
486.jpg,0.054485,0.313991,0.631524
487.jpg,0.439957,0.548632,0.011411
488.jpg,0.071170,0.869578,0.059252
489.jpg,0.709902,0.153298,0.136800
490.jpg,0.054472,0.736948,0.208580
491.jpg,0.029562,0.798726,0.171712
492.jpg,0.721006,0.215514,0.063480
493.jpg,0.397638,0.470710,0.131652
494.jpg,0.037744,0.793265,0.168990
495.jpg,0.098579,0.828084,0.073337
496.jpg,0.085581,0.469971,0.444449
497.jpg,0.092495,0.861422,0.046083
498.jpg,0.069049,0.643257,0.287694
499.jpg,0.034539,0.105177,0.860284
500.jpg,0.115845,0.766941,0.117214
501.jpg,0.318211,0.562973,0.118816
502.jpg,0.051042,0.194393,0.754565
503.jpg,0.070166,0.489443,0.440391
504.jpg,0.033468,0.105290,0.861242
505.jpg,0.088009,0.822168,0.089823
506.jpg,0.064497,0.820491,0.115012
507.jpg,0.325762,0.486367,0.187870
508.jpg,0.081222,0.735690,0.183088
509.jpg,0.048376,0.890528,0.061096
510.jpg,0.025728,0.321188,0.653084
511.jpg,0.039491,0.186978,0.773531
10000.jpg,0.073947,0.849057,0.076996
10001.jpg,0.152469,0.465800,0.381730
10002.jpg,0.035434,0.577530,0.387036
10003.jpg,0.943599,0.033068,0.023334
10004.jpg,0.038147,0.909422,0.052430
10005.jpg,0.122325,0.783225,0.094450
10006.jpg,0.134387,0.566335,0.299278
10007.jpg,0.625053,0.350131,0.024816
10008.jpg,0.071150,0.796519,0.132331
10009.jpg,0.161823,0.758870,0.079308
10010.jpg,0.039452,0.103022,0.857526
10011.jpg,0.072521,0.166937,0.760542
10012.jpg,0.091154,0.810022,0.098824
10013.jpg,0.114500,0.481510,0.403989
10014.jpg,0.104199,0.806671,0.089130
10015.jpg,0.045906,0.321898,0.632196
10016.jpg,0.150842,0.692629,0.156530
10017.jpg,0.044788,0.534896,0.420316
10018.jpg,0.127187,0.160128,0.712686
10019.jpg,0.085381,0.854538,0.060081
10020.jpg,0.049835,0.668996,0.281169
10021.jpg,0.141969,0.513933,0.344098
10022.jpg,0.067495,0.722320,0.210185
10023.jpg,0.333206,0.239055,0.427739
10024.jpg,0.037994,0.194155,0.767850
10025.jpg,0.097026,0.841723,0.061252
10026.jpg,0.200257,0.263582,0.536162
10027.jpg,0.072078,0.704417,0.223505
10028.jpg,0.058884,0.592788,0.348328
10029.jpg,0.789061,0.201103,0.009836
10030.jpg,0.058009,0.269528,0.672463
10031.jpg,0.043020,0.171736,0.785243
10032.jpg,0.052250,0.771908,0.175842
10033.jpg,0.080454,0.762031,0.157515
10034.jpg,0.079305,0.831436,0.089259
10035.jpg,0.060417,0.547864,0.391719
10036.jpg,0.164631,0.768119,0.067250
10037.jpg,0.297162,0.621809,0.081029
10038.jpg,0.037322,0.908464,0.054214
10039.jpg,0.933692,0.020101,0.046207
10040.jpg,0.096217,0.205618,0.698165
10041.jpg,0.085638,0.826883,0.087479
10042.jpg,0.042415,0.216400,0.741186
10043.jpg,0.077342,0.846483,0.076175
10044.jpg,0.051345,0.392293,0.556362
10045.jpg,0.448668,0.484214,0.067118
10046.jpg,0.664826,0.326300,0.008874
10047.jpg,0.285954,0.678544,0.035503
10048.jpg,0.178938,0.621711,0.199351
10049.jpg,0.028885,0.541921,0.429194
10050.jpg,0.062859,0.831919,0.105221
10051.jpg,0.057671,0.672785,0.269544
10052.jpg,0.036404,0.382876,0.580720
10053.jpg,0.112676,0.300982,0.586342
10054.jpg,0.046297,0.720541,0.233162
10055.jpg,0.385961,0.098207,0.515832
10056.jpg,0.046052,0.881157,0.072791
10057.jpg,0.100991,0.755710,0.143299
10058.jpg,0.783566,0.192320,0.024114
10059.jpg,0.054883,0.276317,0.668800
10060.jpg,0.215098,0.645262,0.139640
10061.jpg,0.125109,0.754194,0.120697
10062.jpg,0.145062,0.344278,0.510659
10063.jpg,0.074039,0.878206,0.047755
10064.jpg,0.065952,0.894149,0.039899
10065.jpg,0.124826,0.401079,0.474095
10066.jpg,0.035918,0.098375,0.865707
10067.jpg,0.826062,0.131176,0.042763
10068.jpg,0.048735,0.823616,0.127649
10069.jpg,0.858528,0.109756,0.031716
10070.jpg,0.117008,0.745576,0.137416
10071.jpg,0.040726,0.909865,0.049409
10072.jpg,0.049124,0.208521,0.742355
10073.jpg,0.061472,0.848820,0.089708
10074.jpg,0.137536,0.650265,0.212200
10075.jpg,0.532990,0.412070,0.054940
10076.jpg,0.032039,0.121873,0.846087
10077.jpg,0.034701,0.446216,0.519083
10078.jpg,0.346223,0.607018,0.046759
10079.jpg,0.030755,0.102341,0.866904
10080.jpg,0.052690,0.221934,0.725375
10081.jpg,0.830932,0.142814,0.026253
10082.jpg,0.289210,0.468869,0.241922
10083.jpg,0.030638,0.102179,0.867183
10084.jpg,0.531497,0.169180,0.299323
10085.jpg,0.053005,0.905823,0.041172
10086.jpg,0.062024,0.816153,0.121822
10087.jpg,0.049480,0.869223,0.081298
10088.jpg,0.043152,0.321260,0.635587
10089.jpg,0.030599,0.820680,0.148721
10090.jpg,0.808770,0.155331,0.035899
10091.jpg,0.064609,0.715976,0.219415
10092.jpg,0.256712,0.514310,0.228978
10093.jpg,0.045981,0.790908,0.163111
10094.jpg,0.070503,0.404489,0.525008
10095.jpg,0.194761,0.399362,0.405878
10096.jpg,0.801814,0.189172,0.009014
10097.jpg,0.084259,0.777424,0.138317
10098.jpg,0.187135,0.725809,0.087056
10099.jpg,0.097268,0.830491,0.072241
10100.jpg,0.045874,0.301900,0.652226
10101.jpg,0.337128,0.607900,0.054972
10102.jpg,0.078600,0.757717,0.163683
10103.jpg,0.032886,0.079571,0.887543
10104.jpg,0.049681,0.330752,0.619567
10105.jpg,0.047579,0.206113,0.746308
10106.jpg,0.041223,0.112289,0.846487
10107.jpg,0.092939,0.471943,0.435119
10108.jpg,0.134121,0.777101,0.088778
10109.jpg,0.031392,0.471108,0.497500
10110.jpg,0.034524,0.137003,0.828473
10111.jpg,0.171886,0.804871,0.023243
10112.jpg,0.069769,0.177541,0.752689
10113.jpg,0.045537,0.353514,0.600949
10114.jpg,0.172236,0.700621,0.127142
10115.jpg,0.044985,0.137018,0.817997
10116.jpg,0.301228,0.553857,0.144916
10117.jpg,0.831486,0.143806,0.024708
10118.jpg,0.058394,0.861836,0.079770
10119.jpg,0.677344,0.176021,0.146635
10120.jpg,0.444381,0.440358,0.115262
10121.jpg,0.082309,0.270210,0.647480
10122.jpg,0.053550,0.901860,0.044590
10123.jpg,0.701626,0.263304,0.035070
10124.jpg,0.139389,0.802556,0.058055
10125.jpg,0.098824,0.352912,0.548264
10126.jpg,0.046998,0.904870,0.048132
10127.jpg,0.055592,0.316019,0.628388
10128.jpg,0.039131,0.697831,0.263037
10129.jpg,0.050914,0.841243,0.107842
10130.jpg,0.086792,0.756231,0.156977
10131.jpg,0.052728,0.881072,0.066200
10132.jpg,0.442230,0.483316,0.074454
10133.jpg,0.081615,0.834341,0.084044
10134.jpg,0.037312,0.239413,0.723275
10135.jpg,0.048040,0.347767,0.604193
10136.jpg,0.773403,0.202816,0.023781
10137.jpg,0.558755,0.336680,0.104565
10138.jpg,0.080825,0.861304,0.057871
10139.jpg,0.037226,0.353449,0.609324
10140.jpg,0.284355,0.603982,0.111664
10141.jpg,0.219943,0.749596,0.030460
10142.jpg,0.048218,0.862716,0.089066
10143.jpg,0.114598,0.333024,0.552379
10144.jpg,0.059058,0.852101,0.088841
10145.jpg,0.126573,0.448124,0.425303
10146.jpg,0.326662,0.614612,0.058726
10147.jpg,0.047271,0.848393,0.104336
10148.jpg,0.094785,0.277687,0.627529
10149.jpg,0.036289,0.591950,0.371761
10150.jpg,0.050823,0.879109,0.070068
10151.jpg,0.075123,0.544792,0.380085
10152.jpg,0.030886,0.684350,0.284764
10153.jpg,0.047534,0.415929,0.536537
10154.jpg,0.947323,0.017139,0.035539
10155.jpg,0.088269,0.831114,0.080617
10156.jpg,0.129916,0.754743,0.115341
10157.jpg,0.549819,0.437814,0.012368
10158.jpg,0.107468,0.810473,0.082059
10159.jpg,0.936660,0.026553,0.036788
10160.jpg,0.043642,0.849993,0.106365
10161.jpg,0.036916,0.100897,0.862187
10162.jpg,0.955652,0.023143,0.021205
10163.jpg,0.050735,0.676026,0.273239
10164.jpg,0.065095,0.174916,0.759989
10165.jpg,0.031472,0.093887,0.874641
10166.jpg,0.252909,0.327097,0.419993
10167.jpg,0.058036,0.734536,0.207429
10168.jpg,0.068961,0.625793,0.305246
10169.jpg,0.728369,0.216115,0.055517
10170.jpg,0.034894,0.119593,0.845513
10171.jpg,0.865461,0.091123,0.043416
10172.jpg,0.088576,0.338918,0.572506
10173.jpg,0.365488,0.383150,0.251362
10174.jpg,0.047102,0.118690,0.834208
10175.jpg,0.193973,0.261698,0.544330
10176.jpg,0.150670,0.511476,0.337854
10177.jpg,0.047557,0.865796,0.086648
10178.jpg,0.146553,0.701551,0.151896
10179.jpg,0.038806,0.100961,0.860233
10180.jpg,0.426972,0.322043,0.250985
10181.jpg,0.043068,0.214336,0.742596
10182.jpg,0.194973,0.769737,0.035290
10183.jpg,0.035854,0.114107,0.850040
10184.jpg,0.190180,0.676560,0.133260
10185.jpg,0.078460,0.279582,0.641958
10186.jpg,0.649766,0.325089,0.025145
10187.jpg,0.039735,0.131285,0.828980
10188.jpg,0.037844,0.280966,0.681191
10189.jpg,0.045514,0.329659,0.624826
10190.jpg,0.599413,0.291497,0.109090
10191.jpg,0.752760,0.238564,0.008676
10192.jpg,0.027702,0.830435,0.141863
10193.jpg,0.933020,0.017659,0.049321
10194.jpg,0.065162,0.844608,0.090230
10195.jpg,0.045246,0.141416,0.813338
10196.jpg,0.136973,0.713595,0.149432
10197.jpg,0.121404,0.646046,0.232550
10198.jpg,0.258719,0.677077,0.064203
10199.jpg,0.233761,0.682408,0.083831
10200.jpg,0.086851,0.834380,0.078770
10201.jpg,0.042417,0.886613,0.070970
10202.jpg,0.034137,0.247521,0.718342
10203.jpg,0.074176,0.492460,0.433365
10204.jpg,0.049254,0.831601,0.119144
10205.jpg,0.855609,0.084009,0.060382
10206.jpg,0.187670,0.715118,0.097212
10207.jpg,0.065065,0.897066,0.037869
10208.jpg,0.052258,0.808577,0.139165
10209.jpg,0.058050,0.854523,0.087427
10210.jpg,0.042933,0.378687,0.578380
10211.jpg,0.038394,0.910837,0.050768
10212.jpg,0.061376,0.889359,0.049265
10213.jpg,0.185410,0.678079,0.136511
10214.jpg,0.051477,0.909800,0.038724
10215.jpg,0.066014,0.152695,0.781291
10216.jpg,0.097902,0.821816,0.080282
10217.jpg,0.051611,0.895842,0.052547
10218.jpg,0.039700,0.905705,0.054595
10219.jpg,0.945834,0.042557,0.011608
10220.jpg,0.047587,0.246688,0.705726
10221.jpg,0.812224,0.152434,0.035341
10222.jpg,0.146967,0.171701,0.681332
10223.jpg,0.058362,0.302062,0.639576
10224.jpg,0.060221,0.263836,0.675943
10225.jpg,0.080864,0.519002,0.400134
10226.jpg,0.033122,0.079148,0.887731
10227.jpg,0.053768,0.196810,0.749421
10228.jpg,0.058460,0.867668,0.073872
10229.jpg,0.068525,0.788840,0.142635
10230.jpg,0.083350,0.757328,0.159321
10231.jpg,0.085693,0.667025,0.247282
10232.jpg,0.132747,0.286912,0.580341
10233.jpg,0.926024,0.059470,0.014506
10234.jpg,0.098173,0.636035,0.265792
10235.jpg,0.060401,0.887287,0.052312
10236.jpg,0.039266,0.104532,0.856202
10237.jpg,0.043134,0.140541,0.816325
10238.jpg,0.149634,0.777605,0.072760
10239.jpg,0.129187,0.791666,0.079147
10240.jpg,0.028096,0.253473,0.718431
10241.jpg,0.113759,0.527814,0.358427
10242.jpg,0.073266,0.742931,0.183804
10243.jpg,0.869335,0.066379,0.064286
10244.jpg,0.029126,0.256683,0.714191
10245.jpg,0.062311,0.401550,0.536139
10246.jpg,0.056201,0.666946,0.276853
10247.jpg,0.860764,0.123372,0.015864
10248.jpg,0.039250,0.430696,0.530055
10249.jpg,0.121153,0.731132,0.147715
10250.jpg,0.030569,0.422309,0.547122
10251.jpg,0.488460,0.297302,0.214238
10252.jpg,0.105235,0.317670,0.577095
10253.jpg,0.614334,0.265178,0.120487
10254.jpg,0.048893,0.320471,0.630636
10255.jpg,0.047736,0.887998,0.064266
10256.jpg,0.061726,0.787137,0.151136
10257.jpg,0.043772,0.167843,0.788385
10258.jpg,0.086702,0.674516,0.238782
10259.jpg,0.067987,0.263220,0.668793
10260.jpg,0.031379,0.164941,0.803680
10261.jpg,0.296277,0.533587,0.170136
10262.jpg,0.070470,0.884856,0.044674
10263.jpg,0.533175,0.344291,0.122534
10264.jpg,0.048909,0.903095,0.047996
10265.jpg,0.063187,0.305787,0.631026
10266.jpg,0.037944,0.906361,0.055695
10267.jpg,0.060708,0.805346,0.133946
10268.jpg,0.417774,0.508198,0.074028
10269.jpg,0.277990,0.628484,0.093527
10270.jpg,0.930816,0.061815,0.007369
10271.jpg,0.125090,0.833010,0.041900
10272.jpg,0.038759,0.876367,0.084874
10273.jpg,0.037679,0.871708,0.090613
10274.jpg,0.910661,0.036625,0.052713
10275.jpg,0.913818,0.066174,0.020008
10276.jpg,0.062596,0.866443,0.070961
10277.jpg,0.090479,0.524665,0.384856
10278.jpg,0.478451,0.460387,0.061162
10279.jpg,0.100167,0.248702,0.651131
10280.jpg,0.364616,0.580242,0.055141
10281.jpg,0.700485,0.271783,0.027732
10282.jpg,0.055241,0.204369,0.740390
10283.jpg,0.175900,0.747350,0.076750
10284.jpg,0.124472,0.224960,0.650568
10285.jpg,0.044785,0.116423,0.838793
10286.jpg,0.079157,0.295468,0.625375
10287.jpg,0.081354,0.839998,0.078647
10288.jpg,0.070631,0.549001,0.380369
10289.jpg,0.046442,0.175832,0.777727
10290.jpg,0.056416,0.547805,0.395779
10291.jpg,0.033160,0.879029,0.087811
10292.jpg,0.085330,0.419904,0.494767
10293.jpg,0.750511,0.228545,0.020944
10294.jpg,0.229517,0.638850,0.131634
10295.jpg,0.064937,0.819649,0.115414
10296.jpg,0.077657,0.768060,0.154284
10297.jpg,0.801031,0.055312,0.143657
10298.jpg,0.523821,0.454412,0.021768
10299.jpg,0.061948,0.829931,0.108121
10300.jpg,0.335009,0.444365,0.220626
10301.jpg,0.135419,0.237212,0.627369
10302.jpg,0.041469,0.125821,0.832710
10303.jpg,0.059619,0.393278,0.547103
10304.jpg,0.084037,0.394813,0.521150
10305.jpg,0.682151,0.275650,0.042199
10306.jpg,0.149950,0.743558,0.106492
10307.jpg,0.760428,0.194980,0.044592
10308.jpg,0.033625,0.103369,0.863006
10309.jpg,0.058675,0.653598,0.287727
10310.jpg,0.090373,0.257879,0.651749
10311.jpg,0.051936,0.441885,0.506179
10312.jpg,0.080008,0.848126,0.071867
10313.jpg,0.036553,0.289033,0.674414
10314.jpg,0.070598,0.888226,0.041175
10315.jpg,0.041868,0.617054,0.341077
10316.jpg,0.047979,0.498955,0.453067
10317.jpg,0.040525,0.905583,0.053893
10318.jpg,0.152442,0.191887,0.655672
10319.jpg,0.051402,0.901514,0.047084
10320.jpg,0.076475,0.735735,0.187791
10321.jpg,0.148595,0.325292,0.526112
10322.jpg,0.033044,0.099657,0.867300
10323.jpg,0.026034,0.215586,0.758380
10324.jpg,0.046494,0.843232,0.110273
10325.jpg,0.198482,0.136387,0.665132
10326.jpg,0.030740,0.221289,0.747971
10327.jpg,0.321629,0.621107,0.057264
10328.jpg,0.042161,0.873743,0.084096
10329.jpg,0.079661,0.873659,0.046680
10330.jpg,0.043229,0.172783,0.783988
10331.jpg,0.053050,0.898508,0.048442
10332.jpg,0.046101,0.128584,0.825315
10333.jpg,0.033704,0.092956,0.873340
10334.jpg,0.136883,0.645462,0.217656
10335.jpg,0.109094,0.378140,0.512766
10336.jpg,0.694626,0.248561,0.056813
10337.jpg,0.094425,0.790516,0.115059
10338.jpg,0.168478,0.658078,0.173444
10339.jpg,0.495236,0.392517,0.112247
10340.jpg,0.941713,0.044066,0.014222
10341.jpg,0.514446,0.481434,0.004120
10342.jpg,0.065179,0.361398,0.573424
10343.jpg,0.768560,0.206781,0.024659
10344.jpg,0.034993,0.151870,0.813137
10345.jpg,0.041590,0.135540,0.822870
10346.jpg,0.057753,0.568554,0.373693
10347.jpg,0.051547,0.863369,0.085084
10348.jpg,0.040700,0.141965,0.817334
10349.jpg,0.098366,0.869418,0.032216
10350.jpg,0.041223,0.230112,0.728665
10351.jpg,0.053573,0.610625,0.335802
10352.jpg,0.632629,0.143885,0.223486
10353.jpg,0.033267,0.202522,0.764210
10354.jpg,0.075706,0.775464,0.148829
10355.jpg,0.086189,0.861760,0.052051
10356.jpg,0.034025,0.228034,0.737941
10357.jpg,0.650987,0.161334,0.187679
10358.jpg,0.632374,0.025444,0.342181
10359.jpg,0.040491,0.898786,0.060722
10360.jpg,0.123408,0.525745,0.350846
10361.jpg,0.038643,0.821646,0.139711
10362.jpg,0.115520,0.800516,0.083965
10363.jpg,0.040234,0.758398,0.201368
10364.jpg,0.696513,0.194492,0.108995
10365.jpg,0.381823,0.409473,0.208704
10366.jpg,0.033054,0.201448,0.765497
10367.jpg,0.943938,0.031030,0.025032
10368.jpg,0.056144,0.447766,0.496090
10369.jpg,0.079681,0.731033,0.189286
10370.jpg,0.720728,0.246936,0.032337
10371.jpg,0.831724,0.150059,0.018217
10372.jpg,0.038876,0.903822,0.057303
10373.jpg,0.048010,0.366273,0.585716
10374.jpg,0.054545,0.844517,0.100938
10375.jpg,0.052022,0.912604,0.035375
10376.jpg,0.849430,0.137180,0.013390
10377.jpg,0.030771,0.422392,0.546837
10378.jpg,0.033575,0.082843,0.883582
10379.jpg,0.037141,0.175444,0.787416
10380.jpg,0.125243,0.742368,0.132389
10381.jpg,0.058597,0.113437,0.827966
10382.jpg,0.167383,0.784313,0.048305
10383.jpg,0.148065,0.627222,0.224714
10384.jpg,0.856060,0.051035,0.092905
10385.jpg,0.922818,0.043605,0.033578
10386.jpg,0.034455,0.158525,0.807021
10387.jpg,0.040427,0.900086,0.059488
10388.jpg,0.174706,0.672423,0.152870
10389.jpg,0.045727,0.708698,0.245575
10390.jpg,0.052464,0.869994,0.077541
10391.jpg,0.030448,0.187965,0.781588
10392.jpg,0.191138,0.425439,0.383423
10393.jpg,0.035753,0.098519,0.865728
10394.jpg,0.034224,0.161805,0.803971
10395.jpg,0.104727,0.747127,0.148146
10396.jpg,0.910510,0.080396,0.009095
10397.jpg,0.038747,0.795399,0.165855
10398.jpg,0.307248,0.675781,0.016971
10399.jpg,0.041933,0.141393,0.816673
10400.jpg,0.070571,0.841290,0.088140
10401.jpg,0.181907,0.721372,0.096721
10402.jpg,0.936727,0.057685,0.005589
10403.jpg,0.037974,0.216687,0.745338
10404.jpg,0.195215,0.690378,0.114406
10405.jpg,0.938335,0.053384,0.008281
10406.jpg,0.072725,0.867177,0.060098
10407.jpg,0.955888,0.031426,0.012686
10408.jpg,0.448245,0.528315,0.023440
10409.jpg,0.208745,0.753384,0.037871
10410.jpg,0.079188,0.866802,0.054009
10411.jpg,0.054990,0.854206,0.090805
10412.jpg,0.316779,0.606149,0.077072
10413.jpg,0.086504,0.777082,0.136414
10414.jpg,0.052428,0.394462,0.553110
10415.jpg,0.181955,0.774560,0.043485
10416.jpg,0.041963,0.151623,0.806414
10417.jpg,0.072037,0.854835,0.073128
10418.jpg,0.041650,0.863808,0.094542
10419.jpg,0.042576,0.482220,0.475203
10420.jpg,0.757481,0.238055,0.004464
10421.jpg,0.092909,0.804958,0.102133
10422.jpg,0.073740,0.796520,0.129741
10423.jpg,0.060626,0.896214,0.043160
10424.jpg,0.030249,0.107551,0.862200
10425.jpg,0.087703,0.887782,0.024515
10426.jpg,0.052709,0.758662,0.188629
10427.jpg,0.085817,0.537089,0.377093
10428.jpg,0.045767,0.245558,0.708675
10429.jpg,0.081800,0.726063,0.192138
10430.jpg,0.061506,0.572995,0.365498
10431.jpg,0.550958,0.411649,0.037392
10432.jpg,0.039834,0.151822,0.808345
10433.jpg,0.044920,0.874941,0.080139
10434.jpg,0.034471,0.086857,0.878673
10435.jpg,0.034801,0.171140,0.794060
10436.jpg,0.057496,0.861858,0.080646
10437.jpg,0.080889,0.807418,0.111693
10438.jpg,0.050836,0.197315,0.751849
10439.jpg,0.053368,0.239528,0.707104
10440.jpg,0.065684,0.314533,0.619783
10441.jpg,0.049775,0.541294,0.408931
10442.jpg,0.065498,0.441055,0.493447
10443.jpg,0.043850,0.302931,0.653219
10444.jpg,0.069735,0.727810,0.202455
10445.jpg,0.919632,0.020800,0.059568
10446.jpg,0.741158,0.248343,0.010500
10447.jpg,0.039814,0.899206,0.060980
10448.jpg,0.035929,0.229626,0.734444
10449.jpg,0.063057,0.774780,0.162163
10450.jpg,0.100220,0.407140,0.492639
10451.jpg,0.838046,0.110430,0.051524
10452.jpg,0.048081,0.855635,0.096284
10453.jpg,0.336374,0.620469,0.043157
10454.jpg,0.157377,0.615458,0.227165
10455.jpg,0.090691,0.871402,0.037906
10456.jpg,0.067799,0.546830,0.385371
10457.jpg,0.053770,0.441387,0.504843
10458.jpg,0.109064,0.681453,0.209484
10459.jpg,0.032808,0.079517,0.887675
10460.jpg,0.166517,0.774288,0.059195
10461.jpg,0.880447,0.092701,0.026852
10462.jpg,0.050964,0.507981,0.441055
10463.jpg,0.036961,0.909316,0.053724
10464.jpg,0.030983,0.655441,0.313576
10465.jpg,0.031462,0.123989,0.844548
10466.jpg,0.041038,0.449621,0.509341
10467.jpg,0.165921,0.675039,0.159040
10468.jpg,0.154386,0.454476,0.391137
10469.jpg,0.050808,0.102794,0.846398
10470.jpg,0.161313,0.344207,0.494480
10471.jpg,0.040447,0.295739,0.663814
10472.jpg,0.772361,0.189522,0.038117
10473.jpg,0.045721,0.740907,0.213372
10474.jpg,0.021758,0.246579,0.731663
10475.jpg,0.355986,0.611446,0.032567
10476.jpg,0.229643,0.103674,0.666683
10477.jpg,0.047626,0.111373,0.841000
10478.jpg,0.057481,0.112239,0.830280
10479.jpg,0.081350,0.621966,0.296684
10480.jpg,0.056196,0.734961,0.208843
10481.jpg,0.033856,0.122780,0.843364
10482.jpg,0.077828,0.419604,0.502568
10483.jpg,0.039790,0.590005,0.370205
10484.jpg,0.039143,0.841939,0.118918
10485.jpg,0.040134,0.223268,0.736598
10486.jpg,0.122604,0.804411,0.072984
10487.jpg,0.534338,0.029977,0.435685
10488.jpg,0.070883,0.698500,0.230617
10489.jpg,0.072641,0.802255,0.125104
10490.jpg,0.042466,0.912730,0.044804
10491.jpg,0.958799,0.028842,0.012359
10492.jpg,0.091921,0.749809,0.158270
10493.jpg,0.076855,0.834318,0.088827
10494.jpg,0.052761,0.895311,0.051929
10495.jpg,0.496333,0.206421,0.297246
10496.jpg,0.093240,0.376284,0.530476
10497.jpg,0.038053,0.118177,0.843771
10498.jpg,0.027152,0.149690,0.823159
10499.jpg,0.058003,0.693348,0.248649
10500.jpg,0.070675,0.531061,0.398263
10501.jpg,0.154490,0.709298,0.136211
10502.jpg,0.086852,0.408818,0.504331
10503.jpg,0.039018,0.137931,0.823052
10504.jpg,0.073760,0.867351,0.058890
10505.jpg,0.038483,0.090231,0.871286
10506.jpg,0.881991,0.068908,0.049101
10507.jpg,0.042213,0.858939,0.098848
10508.jpg,0.055195,0.807480,0.137325
10509.jpg,0.047078,0.870466,0.082456
10510.jpg,0.029555,0.140729,0.829716
10511.jpg,0.042341,0.169198,0.788462
10512.jpg,0.063615,0.410695,0.525690
10513.jpg,0.284852,0.583029,0.132119
10514.jpg,0.376647,0.502523,0.120831
10515.jpg,0.081002,0.870073,0.048925
10516.jpg,0.039055,0.847162,0.113783
10517.jpg,0.054077,0.221531,0.724392
10518.jpg,0.059701,0.254578,0.685721
10519.jpg,0.041773,0.899700,0.058526
10520.jpg,0.051020,0.428355,0.520625
10521.jpg,0.059005,0.749720,0.191275
10522.jpg,0.049762,0.900054,0.050183
10523.jpg,0.079287,0.743753,0.176960
10524.jpg,0.940772,0.036874,0.022355
10525.jpg,0.033493,0.153052,0.813455
10526.jpg,0.177159,0.767768,0.055073
10527.jpg,0.032864,0.181274,0.785862
10528.jpg,0.065771,0.897845,0.036384
10529.jpg,0.049880,0.864249,0.085871
10530.jpg,0.096166,0.832925,0.070909
10531.jpg,0.044757,0.143218,0.812025
10532.jpg,0.765795,0.211781,0.022424
10533.jpg,0.031434,0.112354,0.856212
10534.jpg,0.215506,0.672715,0.111779
10535.jpg,0.581456,0.288805,0.129739
10536.jpg,0.082559,0.817740,0.099701
10537.jpg,0.639926,0.352535,0.007539
10538.jpg,0.139972,0.649755,0.210273
10539.jpg,0.131787,0.807578,0.060636
10540.jpg,0.030776,0.275999,0.693224
10541.jpg,0.085025,0.813273,0.101703
10542.jpg,0.858343,0.095112,0.046545
10543.jpg,0.676897,0.277447,0.045656
10544.jpg,0.947672,0.036946,0.015382
10545.jpg,0.890520,0.074920,0.034560
10546.jpg,0.085033,0.675395,0.239572
10547.jpg,0.090301,0.766966,0.142733
10548.jpg,0.150268,0.686941,0.162791
10549.jpg,0.029173,0.678781,0.292047
10550.jpg,0.059097,0.785280,0.155623
10551.jpg,0.063851,0.724698,0.211451
10552.jpg,0.047083,0.883664,0.069253
10553.jpg,0.034198,0.094660,0.871141
10554.jpg,0.049838,0.860252,0.089909
10555.jpg,0.053448,0.866591,0.079961
10556.jpg,0.038743,0.155572,0.805685
10557.jpg,0.615773,0.178846,0.205381
10558.jpg,0.051698,0.176124,0.772178
10559.jpg,0.033964,0.102963,0.863073
10560.jpg,0.111079,0.824897,0.064024
10561.jpg,0.049984,0.150830,0.799186
10562.jpg,0.032178,0.090542,0.877280
10563.jpg,0.036655,0.130375,0.832970
10564.jpg,0.161955,0.765643,0.072402
10565.jpg,0.200293,0.459897,0.339810
10566.jpg,0.866460,0.060205,0.073335
10567.jpg,0.094475,0.684321,0.221203
10568.jpg,0.148589,0.107243,0.744168
10569.jpg,0.091212,0.858250,0.050538
10570.jpg,0.078030,0.844523,0.077447
10571.jpg,0.031912,0.081689,0.886399
10572.jpg,0.096213,0.440780,0.463006
10573.jpg,0.037045,0.901670,0.061286
10574.jpg,0.436540,0.309471,0.253990
10575.jpg,0.249394,0.356917,0.393688
10576.jpg,0.042308,0.810545,0.147148
10577.jpg,0.073708,0.888843,0.037449
10578.jpg,0.042329,0.848918,0.108753
10579.jpg,0.047065,0.402418,0.550517
10580.jpg,0.539739,0.437108,0.023153
10581.jpg,0.086617,0.856916,0.056467
10582.jpg,0.547897,0.216694,0.235409
10583.jpg,0.033299,0.082013,0.884688
10584.jpg,0.046780,0.138056,0.815164
10585.jpg,0.035260,0.135694,0.829046
10586.jpg,0.072028,0.776252,0.151720
10587.jpg,0.297749,0.582365,0.119886
10588.jpg,0.044551,0.639632,0.315817
10589.jpg,0.878768,0.035982,0.085250
10590.jpg,0.705774,0.221684,0.072542
10591.jpg,0.052498,0.346426,0.601076
10592.jpg,0.052067,0.876667,0.071266
10593.jpg,0.046595,0.166898,0.786507
10594.jpg,0.832185,0.146874,0.020941
10595.jpg,0.098462,0.096741,0.804796
10596.jpg,0.090447,0.681953,0.227599
10597.jpg,0.041640,0.774446,0.183914
