image_name,Type_1,Type_2,Type_3
0.jpg,0.257011,0.713684,0.029305
1.jpg,0.096193,0.809796,0.094011
2.jpg,0.223316,0.763310,0.013375
3.jpg,0.009655,0.772357,0.217988
4.jpg,0.018264,0.085691,0.896045
5.jpg,0.307548,0.679166,0.013286
6.jpg,0.089380,0.892582,0.018037
7.jpg,0.009366,0.328185,0.662449
8.jpg,0.431099,0.564221,0.004680
9.jpg,0.055224,0.879465,0.065311
10.jpg,0.341114,0.650305,0.008581
11.jpg,0.020303,0.060495,0.919202
12.jpg,0.037600,0.164510,0.797890
13.jpg,0.021184,0.183182,0.795634
14.jpg,0.013532,0.730133,0.256334
15.jpg,0.032700,0.304188,0.663112
16.jpg,0.699026,0.297347,0.003627
17.jpg,0.614647,0.376290,0.009063
18.jpg,0.044950,0.908598,0.046453
19.jpg,0.043028,0.348011,0.608961
20.jpg,0.901444,0.096818,0.001737
21.jpg,0.118683,0.795040,0.086277
22.jpg,0.085862,0.881489,0.032649
23.jpg,0.401371,0.573047,0.025582
24.jpg,0.522450,0.438744,0.038806
25.jpg,0.089314,0.874909,0.035777
26.jpg,0.318615,0.675581,0.005804
27.jpg,0.074152,0.345420,0.580428
28.jpg,0.054005,0.817657,0.128338
29.jpg,0.027043,0.717771,0.255186
30.jpg,0.101393,0.871950,0.026657
31.jpg,0.505356,0.489476,0.005168
32.jpg,0.222497,0.386675,0.390828
33.jpg,0.405106,0.575845,0.019050
34.jpg,0.098824,0.814902,0.086274
35.jpg,0.089560,0.571517,0.338923
36.jpg,0.476028,0.516903,0.007070
37.jpg,0.262307,0.723043,0.014650
38.jpg,0.261623,0.723681,0.014697
39.jpg,0.098026,0.770482,0.131492
40.jpg,0.027577,0.118978,0.853445
41.jpg,0.014359,0.443022,0.542619
42.jpg,0.075230,0.869783,0.054987
43.jpg,0.021681,0.890296,0.088022
44.jpg,0.045474,0.794799,0.159727
45.jpg,0.024000,0.418295,0.557705
46.jpg,0.037945,0.095104,0.866951
47.jpg,0.431437,0.562763,0.005800
48.jpg,0.034191,0.053416,0.912393
49.jpg,0.023678,0.178026,0.798296
50.jpg,0.146909,0.217624,0.635468
51.jpg,0.921234,0.076677,0.002089
52.jpg,0.037441,0.196900,0.765658
53.jpg,0.048507,0.179829,0.771664
54.jpg,0.072736,0.388695,0.538569
55.jpg,0.195208,0.200907,0.603886
56.jpg,0.039826,0.908768,0.051405
57.jpg,0.201372,0.784616,0.014013
58.jpg,0.030029,0.500900,0.469071
59.jpg,0.810512,0.177826,0.011662
60.jpg,0.059455,0.350361,0.590183
61.jpg,0.283160,0.558608,0.158232
62.jpg,0.028852,0.283728,0.687420
63.jpg,0.117935,0.689550,0.192515
64.jpg,0.109192,0.878552,0.012256
65.jpg,0.772473,0.207803,0.019723
66.jpg,0.026991,0.117342,0.855667
67.jpg,0.024510,0.045022,0.930468
68.jpg,0.048755,0.873752,0.077493
69.jpg,0.074215,0.808766,0.117019
70.jpg,0.803830,0.181901,0.014269
71.jpg,0.164395,0.786217,0.049388
72.jpg,0.213630,0.735263,0.051107
73.jpg,0.470075,0.490196,0.039729
74.jpg,0.023124,0.490937,0.485939
75.jpg,0.256444,0.730930,0.012627
76.jpg,0.032440,0.183774,0.783786
77.jpg,0.065020,0.801617,0.133363
78.jpg,0.025798,0.040256,0.933946
79.jpg,0.646312,0.352021,0.001668
80.jpg,0.021332,0.234027,0.744641
81.jpg,0.016668,0.838165,0.145167
82.jpg,0.479903,0.469017,0.051080
83.jpg,0.024851,0.108074,0.867075
84.jpg,0.682008,0.303608,0.014384
85.jpg,0.112206,0.828833,0.058961
86.jpg,0.023407,0.036931,0.939662
87.jpg,0.025357,0.085992,0.888651
88.jpg,0.352335,0.623630,0.024034
89.jpg,0.035615,0.223608,0.740777
90.jpg,0.523683,0.427386,0.048930
91.jpg,0.389327,0.417408,0.193264
92.jpg,0.012346,0.266733,0.720921
93.jpg,0.049306,0.886624,0.064070
94.jpg,0.087226,0.834209,0.078565
95.jpg,0.035446,0.832415,0.132139
96.jpg,0.244847,0.740632,0.014522
97.jpg,0.025125,0.290235,0.684640
98.jpg,0.278402,0.639071,0.082528
99.jpg,0.037818,0.241790,0.720392
100.jpg,0.154868,0.825070,0.020062
101.jpg,0.702869,0.295268,0.001863
102.jpg,0.145359,0.798876,0.055765
103.jpg,0.185506,0.745153,0.069341
104.jpg,0.023882,0.122618,0.853500
105.jpg,0.016931,0.103267,0.879802
106.jpg,0.048066,0.893032,0.058902
107.jpg,0.028336,0.426362,0.545302
108.jpg,0.059081,0.422382,0.518537
109.jpg,0.032831,0.091725,0.875445
110.jpg,0.113324,0.842514,0.044162
111.jpg,0.237082,0.569708,0.193210
112.jpg,0.027098,0.449382,0.523519
113.jpg,0.085625,0.417822,0.496553
114.jpg,0.026034,0.161287,0.812679
115.jpg,0.041604,0.912320,0.046076
116.jpg,0.027374,0.089283,0.883344
117.jpg,0.191921,0.784592,0.023487
118.jpg,0.022876,0.088886,0.888238
119.jpg,0.224538,0.267302,0.508160
120.jpg,0.084240,0.871755,0.044005
121.jpg,0.060564,0.896610,0.042825
122.jpg,0.022088,0.112641,0.865271
123.jpg,0.416252,0.569878,0.013870
124.jpg,0.023681,0.092397,0.883923
125.jpg,0.017237,0.784735,0.198028
126.jpg,0.035050,0.909541,0.055409
127.jpg,0.053797,0.746975,0.199229
128.jpg,0.045156,0.897106,0.057738
129.jpg,0.040889,0.894578,0.064533
130.jpg,0.691428,0.307534,0.001037
131.jpg,0.025895,0.048769,0.925336
132.jpg,0.015616,0.397636,0.586749
133.jpg,0.015297,0.133235,0.851469
134.jpg,0.040786,0.906420,0.052795
135.jpg,0.081577,0.881684,0.036739
136.jpg,0.060692,0.894335,0.044973
137.jpg,0.185117,0.751631,0.063252
138.jpg,0.038343,0.554621,0.407036
139.jpg,0.028081,0.920412,0.051506
140.jpg,0.193127,0.666332,0.140541
141.jpg,0.057462,0.267855,0.674684
142.jpg,0.619277,0.375645,0.005078
143.jpg,0.034227,0.132801,0.832972
144.jpg,0.228025,0.761930,0.010046
145.jpg,0.019006,0.070245,0.910749
146.jpg,0.043459,0.896525,0.060017
147.jpg,0.079064,0.779411,0.141526
148.jpg,0.693660,0.287781,0.018558
149.jpg,0.025085,0.164402,0.810512
150.jpg,0.299878,0.643084,0.057037
151.jpg,0.207152,0.258803,0.534045
152.jpg,0.039228,0.908022,0.052750
153.jpg,0.014210,0.115656,0.870134
154.jpg,0.795079,0.195729,0.009192
155.jpg,0.064331,0.601197,0.334472
156.jpg,0.061478,0.661452,0.277070
157.jpg,0.134289,0.294352,0.571359
158.jpg,0.014228,0.189535,0.796237
159.jpg,0.077429,0.568103,0.354468
160.jpg,0.151137,0.825776,0.023088
161.jpg,0.059155,0.638887,0.301958
162.jpg,0.037013,0.434118,0.528869
163.jpg,0.122084,0.626846,0.251070
164.jpg,0.257571,0.536547,0.205882
165.jpg,0.920023,0.077517,0.002461
166.jpg,0.139568,0.354158,0.506274
167.jpg,0.039412,0.396240,0.564347
168.jpg,0.191368,0.681410,0.127223
169.jpg,0.112344,0.842121,0.045535
170.jpg,0.050079,0.913679,0.036242
171.jpg,0.008381,0.363349,0.628270
172.jpg,0.025691,0.236891,0.737417
173.jpg,0.038982,0.272012,0.689006
174.jpg,0.597323,0.373378,0.029299
175.jpg,0.081113,0.578681,0.340206
176.jpg,0.100235,0.838095,0.061670
177.jpg,0.054153,0.901112,0.044735
178.jpg,0.031384,0.266375,0.702241
179.jpg,0.392901,0.583092,0.024007
180.jpg,0.023753,0.381422,0.594825
181.jpg,0.033150,0.530731,0.436118
182.jpg,0.027938,0.060323,0.911739
183.jpg,0.091733,0.813051,0.095216
184.jpg,0.034556,0.122528,0.842916
185.jpg,0.073682,0.419722,0.506596
186.jpg,0.045213,0.903442,0.051345
187.jpg,0.087474,0.759800,0.152726
188.jpg,0.070156,0.080404,0.849440
189.jpg,0.038282,0.290984,0.670735
190.jpg,0.118735,0.849585,0.031680
191.jpg,0.026259,0.097071,0.876669
192.jpg,0.026392,0.637181,0.336427
193.jpg,0.730995,0.266843,0.002162
194.jpg,0.015258,0.587299,0.397443
195.jpg,0.229076,0.623504,0.147420
196.jpg,0.522370,0.469268,0.008363
197.jpg,0.158473,0.668869,0.172658
198.jpg,0.020784,0.286010,0.693205
199.jpg,0.034991,0.232336,0.732673
200.jpg,0.376128,0.575798,0.048075
201.jpg,0.129946,0.626900,0.243154
202.jpg,0.309609,0.663320,0.027070
203.jpg,0.131802,0.665105,0.203093
204.jpg,0.025579,0.090209,0.884212
205.jpg,0.035463,0.140217,0.824320
206.jpg,0.077397,0.800353,0.122250
207.jpg,0.056780,0.316790,0.626431
208.jpg,0.024335,0.077743,0.897922
209.jpg,0.022907,0.062181,0.914912
210.jpg,0.040702,0.595143,0.364155
211.jpg,0.392161,0.593791,0.014048
212.jpg,0.212871,0.734161,0.052967
213.jpg,0.015624,0.278417,0.705959
214.jpg,0.260604,0.675465,0.063931
215.jpg,0.268818,0.724625,0.006557
216.jpg,0.083228,0.892587,0.024185
217.jpg,0.243377,0.749069,0.007555
218.jpg,0.063609,0.895934,0.040457
219.jpg,0.070961,0.344334,0.584705
220.jpg,0.281564,0.656650,0.061786
221.jpg,0.037048,0.185391,0.777561
222.jpg,0.014187,0.576289,0.409525
223.jpg,0.028486,0.045872,0.925642
224.jpg,0.024097,0.044803,0.931100
225.jpg,0.086374,0.781617,0.132009
226.jpg,0.085696,0.427102,0.487202
227.jpg,0.039508,0.878129,0.082363
228.jpg,0.044607,0.895803,0.059591
229.jpg,0.099250,0.600464,0.300286
230.jpg,0.166680,0.786526,0.046794
231.jpg,0.887466,0.106768,0.005766
232.jpg,0.669598,0.303286,0.027116
233.jpg,0.182273,0.793673,0.024053
234.jpg,0.044245,0.114330,0.841424
235.jpg,0.076581,0.708917,0.214502
236.jpg,0.078303,0.801744,0.119953
237.jpg,0.041751,0.224562,0.733688
238.jpg,0.020479,0.119991,0.859530
239.jpg,0.033729,0.911771,0.054500
240.jpg,0.065432,0.121200,0.813368
241.jpg,0.275719,0.688227,0.036053
242.jpg,0.112957,0.773381,0.113662
243.jpg,0.617897,0.379458,0.002644
244.jpg,0.017748,0.202855,0.779397
245.jpg,0.272618,0.716971,0.010411
246.jpg,0.038913,0.891470,0.069616
247.jpg,0.174813,0.604605,0.220582
248.jpg,0.090157,0.502303,0.407540
249.jpg,0.225151,0.746732,0.028118
250.jpg,0.076963,0.804454,0.118582
251.jpg,0.050176,0.899502,0.050323
252.jpg,0.229598,0.665573,0.104830
253.jpg,0.216181,0.552238,0.231581
254.jpg,0.024107,0.058980,0.916912
255.jpg,0.025993,0.864086,0.109921
256.jpg,0.017441,0.121620,0.860940
257.jpg,0.101881,0.867633,0.030486
258.jpg,0.060178,0.536024,0.403798
259.jpg,0.045184,0.280643,0.674174
260.jpg,0.473229,0.435795,0.090975
261.jpg,0.610593,0.301005,0.088402
262.jpg,0.271352,0.689666,0.038982
263.jpg,0.056868,0.858120,0.085012
264.jpg,0.021263,0.290003,0.688734
265.jpg,0.025124,0.275044,0.699831
266.jpg,0.027649,0.072027,0.900324
267.jpg,0.443444,0.488541,0.068015
268.jpg,0.571253,0.410269,0.018478
269.jpg,0.465051,0.521875,0.013074
270.jpg,0.023008,0.050849,0.926143
271.jpg,0.096203,0.711777,0.192021
272.jpg,0.127687,0.718186,0.154127
273.jpg,0.028877,0.606299,0.364824
274.jpg,0.262404,0.682299,0.055297
275.jpg,0.039696,0.078206,0.882098
276.jpg,0.022781,0.471955,0.505264
277.jpg,0.131428,0.838342,0.030230
278.jpg,0.090713,0.613629,0.295658
279.jpg,0.020174,0.190867,0.788958
280.jpg,0.089453,0.889621,0.020925
281.jpg,0.033299,0.442353,0.524348
282.jpg,0.040224,0.892763,0.067013
283.jpg,0.027485,0.092696,0.879819
284.jpg,0.027302,0.079210,0.893488
285.jpg,0.251070,0.646523,0.102408
286.jpg,0.047030,0.860411,0.092559
287.jpg,0.021522,0.146021,0.832457
288.jpg,0.030937,0.878701,0.090362
289.jpg,0.916211,0.081280,0.002509
290.jpg,0.135169,0.775874,0.088957
291.jpg,0.409467,0.586875,0.003658
292.jpg,0.344618,0.624630,0.030753
293.jpg,0.837369,0.157329,0.005301
294.jpg,0.071154,0.842492,0.086355
295.jpg,0.098350,0.833137,0.068513
296.jpg,0.063263,0.888405,0.048331
297.jpg,0.214076,0.716333,0.069591
298.jpg,0.045181,0.108232,0.846587
299.jpg,0.093405,0.880733,0.025861
300.jpg,0.042220,0.910991,0.046789
301.jpg,0.113794,0.698183,0.188023
302.jpg,0.058037,0.547948,0.394015
303.jpg,0.179724,0.794935,0.025341
304.jpg,0.894990,0.101318,0.003692
305.jpg,0.029334,0.882306,0.088360
306.jpg,0.098244,0.601101,0.300655
307.jpg,0.020715,0.068638,0.910647
308.jpg,0.376035,0.598337,0.025629
309.jpg,0.024314,0.534156,0.441530
310.jpg,0.038669,0.543297,0.418034
311.jpg,0.024254,0.084561,0.891185
312.jpg,0.905571,0.092332,0.002098
313.jpg,0.016500,0.334258,0.649242
314.jpg,0.072479,0.899483,0.028037
315.jpg,0.130827,0.825624,0.043549
316.jpg,0.304420,0.560072,0.135509
317.jpg,0.833882,0.161875,0.004243
318.jpg,0.083619,0.895027,0.021354
319.jpg,0.012886,0.762667,0.224447
320.jpg,0.084894,0.731206,0.183899
321.jpg,0.163091,0.721259,0.115649
322.jpg,0.023471,0.728003,0.248525
323.jpg,0.030053,0.662473,0.307474
324.jpg,0.100159,0.883584,0.016258
325.jpg,0.033139,0.067226,0.899635
326.jpg,0.022567,0.064273,0.913160
327.jpg,0.062170,0.309252,0.628577
328.jpg,0.008403,0.520840,0.470757
329.jpg,0.135570,0.685353,0.179077
330.jpg,0.100162,0.872804,0.027034
331.jpg,0.878909,0.116438,0.004653
332.jpg,0.055183,0.657670,0.287147
333.jpg,0.023077,0.067372,0.909552
334.jpg,0.015942,0.115854,0.868204
335.jpg,0.023352,0.062654,0.913994
336.jpg,0.853322,0.144406,0.002273
337.jpg,0.044541,0.106231,0.849228
338.jpg,0.094885,0.858456,0.046659
339.jpg,0.031118,0.050859,0.918024
340.jpg,0.042586,0.889682,0.067731
341.jpg,0.052495,0.736573,0.210932
342.jpg,0.102622,0.379592,0.517785
343.jpg,0.019331,0.201294,0.779375
344.jpg,0.796878,0.201067,0.002055
345.jpg,0.215569,0.747603,0.036828
346.jpg,0.076212,0.819920,0.103868
347.jpg,0.063859,0.888683,0.047459
348.jpg,0.035137,0.646720,0.318143
349.jpg,0.187552,0.721958,0.090490
350.jpg,0.032942,0.663035,0.304023
351.jpg,0.086109,0.473028,0.440863
352.jpg,0.034755,0.665688,0.299557
353.jpg,0.021706,0.163435,0.814859
354.jpg,0.045977,0.925798,0.028225
355.jpg,0.844839,0.153987,0.001174
356.jpg,0.913231,0.085209,0.001559
357.jpg,0.040479,0.898997,0.060524
358.jpg,0.087095,0.870820,0.042085
359.jpg,0.026667,0.060676,0.912657
360.jpg,0.049784,0.911985,0.038231
361.jpg,0.418461,0.470468,0.111071
362.jpg,0.051682,0.771108,0.177210
363.jpg,0.148587,0.698090,0.153323
364.jpg,0.008129,0.292324,0.699546
365.jpg,0.042564,0.868562,0.088874
366.jpg,0.033184,0.094997,0.871819
367.jpg,0.702091,0.293635,0.004274
368.jpg,0.381374,0.606769,0.011858
369.jpg,0.056393,0.883369,0.060238
370.jpg,0.048573,0.847857,0.103571
371.jpg,0.553233,0.444162,0.002605
372.jpg,0.019752,0.065307,0.914941
373.jpg,0.088969,0.885136,0.025895
374.jpg,0.152886,0.746601,0.100513
375.jpg,0.072346,0.911020,0.016635
376.jpg,0.030742,0.102048,0.867210
377.jpg,0.067332,0.884432,0.048236
378.jpg,0.039233,0.286065,0.674701
379.jpg,0.024511,0.229633,0.745856
380.jpg,0.060088,0.664400,0.275512
381.jpg,0.226795,0.738491,0.034714
382.jpg,0.740250,0.259034,0.000715
383.jpg,0.094374,0.877097,0.028528
384.jpg,0.080493,0.566890,0.352617
385.jpg,0.041159,0.791970,0.166871
386.jpg,0.019411,0.099496,0.881093
387.jpg,0.042792,0.611877,0.345331
388.jpg,0.020107,0.577422,0.402471
389.jpg,0.047352,0.894805,0.057843
390.jpg,0.082101,0.888869,0.029030
391.jpg,0.007070,0.353611,0.639319
392.jpg,0.074246,0.641892,0.283862
393.jpg,0.057251,0.109528,0.833221
394.jpg,0.078952,0.860314,0.060734
395.jpg,0.394728,0.599146,0.006126
396.jpg,0.057383,0.894801,0.047816
397.jpg,0.189373,0.756685,0.053942
398.jpg,0.011819,0.416071,0.572110
399.jpg,0.261998,0.615970,0.122032
400.jpg,0.041764,0.200308,0.757928
401.jpg,0.038859,0.879158,0.081983
402.jpg,0.818606,0.177804,0.003590
403.jpg,0.469901,0.519757,0.010343
404.jpg,0.074100,0.880000,0.045900
405.jpg,0.079555,0.891608,0.028837
406.jpg,0.560268,0.439248,0.000484
407.jpg,0.091583,0.836096,0.072321
408.jpg,0.075352,0.794450,0.130198
409.jpg,0.045791,0.114542,0.839667
410.jpg,0.170922,0.443592,0.385485
411.jpg,0.241581,0.718529,0.039890
412.jpg,0.168865,0.601574,0.229560
413.jpg,0.034453,0.389947,0.575599
414.jpg,0.028482,0.158609,0.812910
415.jpg,0.192301,0.788387,0.019312
416.jpg,0.674046,0.323083,0.002871
417.jpg,0.156471,0.827779,0.015750
418.jpg,0.034223,0.135348,0.830429
419.jpg,0.415200,0.478297,0.106503
420.jpg,0.024909,0.502895,0.472195
421.jpg,0.095800,0.834607,0.069593
422.jpg,0.031709,0.238497,0.729794
423.jpg,0.026786,0.300107,0.673107
424.jpg,0.079201,0.736229,0.184570
425.jpg,0.024701,0.041320,0.933979
426.jpg,0.049692,0.173549,0.776759
427.jpg,0.043780,0.884197,0.072023
428.jpg,0.026779,0.133146,0.840075
429.jpg,0.030699,0.096201,0.873100
430.jpg,0.249130,0.583788,0.167083
431.jpg,0.873328,0.119113,0.007559
432.jpg,0.024150,0.063257,0.912592
433.jpg,0.055223,0.150103,0.794674
434.jpg,0.291497,0.695276,0.013227
435.jpg,0.033858,0.315088,0.651054
436.jpg,0.370095,0.610651,0.019254
437.jpg,0.467624,0.531187,0.001189
438.jpg,0.040320,0.907809,0.051871
439.jpg,0.027712,0.844807,0.127480
440.jpg,0.021970,0.063790,0.914240
441.jpg,0.072724,0.842363,0.084913
442.jpg,0.209759,0.776916,0.013324
443.jpg,0.038326,0.687454,0.274220
444.jpg,0.196046,0.669579,0.134375
445.jpg,0.219937,0.634332,0.145731
446.jpg,0.057100,0.742403,0.200496
447.jpg,0.113054,0.828636,0.058309
448.jpg,0.032824,0.800853,0.166323
449.jpg,0.461370,0.525087,0.013542
450.jpg,0.029239,0.154914,0.815847
451.jpg,0.030299,0.573967,0.395734
452.jpg,0.024952,0.205329,0.769719
453.jpg,0.422274,0.559107,0.018619
454.jpg,0.670212,0.293381,0.036407
455.jpg,0.058868,0.105416,0.835716
456.jpg,0.293557,0.695089,0.011354
457.jpg,0.551602,0.445977,0.002421
458.jpg,0.063468,0.906654,0.029878
459.jpg,0.053011,0.908086,0.038903
460.jpg,0.232565,0.607552,0.159882
461.jpg,0.115254,0.743236,0.141510
462.jpg,0.208630,0.681805,0.109565
463.jpg,0.101703,0.823877,0.074421
464.jpg,0.257845,0.732989,0.009166
465.jpg,0.036293,0.890815,0.072892
466.jpg,0.252259,0.723168,0.024573
467.jpg,0.805830,0.189465,0.004705
468.jpg,0.076808,0.499117,0.424075
469.jpg,0.023167,0.663089,0.313744
470.jpg,0.493706,0.501648,0.004646
471.jpg,0.066734,0.876090,0.057176
472.jpg,0.314380,0.671584,0.014037
473.jpg,0.035798,0.602641,0.361561
474.jpg,0.097236,0.675238,0.227526
475.jpg,0.261924,0.731065,0.007011
476.jpg,0.070404,0.873316,0.056279
477.jpg,0.489755,0.507032,0.003213
478.jpg,0.083464,0.803647,0.112889
479.jpg,0.048640,0.723815,0.227545
480.jpg,0.076155,0.776749,0.147096
481.jpg,0.022854,0.057639,0.919507
482.jpg,0.632189,0.315537,0.052274
483.jpg,0.562721,0.421147,0.016132
484.jpg,0.037884,0.146832,0.815284
485.jpg,0.049994,0.140443,0.809563
486.jpg,0.008347,0.366271,0.625382
487.jpg,0.661558,0.336493,0.001949
488.jpg,0.044228,0.881511,0.074261
489.jpg,0.560292,0.278358,0.161350
490.jpg,0.112136,0.655019,0.232845
491.jpg,0.032779,0.827365,0.139856
492.jpg,0.234795,0.742845,0.022360
493.jpg,0.625918,0.352380,0.021702
494.jpg,0.029859,0.748506,0.221635
495.jpg,0.113584,0.871167,0.015250
496.jpg,0.039145,0.314764,0.646091
497.jpg,0.109178,0.845047,0.045775
498.jpg,0.049388,0.730055,0.220557
499.jpg,0.015145,0.083233,0.901622
500.jpg,0.152083,0.753707,0.094211
501.jpg,0.808028,0.182220,0.009752
502.jpg,0.027133,0.116967,0.855900
503.jpg,0.039994,0.279325,0.680681
504.jpg,0.028122,0.069160,0.902718
505.jpg,0.092802,0.850850,0.056348
506.jpg,0.031681,0.879117,0.089202
507.jpg,0.231348,0.689366,0.079286
508.jpg,0.072126,0.653906,0.273967
509.jpg,0.069526,0.858200,0.072274
510.jpg,0.039505,0.203345,0.757151
511.jpg,0.022390,0.135299,0.842311
10000.jpg,0.102860,0.812865,0.084275
10001.jpg,0.048500,0.736436,0.215064
10002.jpg,0.015669,0.564948,0.419383
10003.jpg,0.881936,0.111563,0.006501
10004.jpg,0.042203,0.912117,0.045680
10005.jpg,0.118041,0.774278,0.107681
10006.jpg,0.032390,0.810762,0.156849
10007.jpg,0.571117,0.408611,0.020272
10008.jpg,0.260414,0.595580,0.144006
10009.jpg,0.128945,0.846284,0.024770
10010.jpg,0.021496,0.067525,0.910980
10011.jpg,0.033347,0.076256,0.890397
10012.jpg,0.056379,0.884338,0.059283
10013.jpg,0.029983,0.276785,0.693232
10014.jpg,0.154639,0.816589,0.028772
10015.jpg,0.039607,0.316051,0.644343
10016.jpg,0.072936,0.528053,0.399010
10017.jpg,0.017893,0.507034,0.475074
10018.jpg,0.097723,0.359554,0.542723
10019.jpg,0.051778,0.912847,0.035375
10020.jpg,0.039793,0.621916,0.338291
10021.jpg,0.044369,0.457470,0.498160
10022.jpg,0.066256,0.520534,0.413210
10023.jpg,0.251570,0.613800,0.134630
10024.jpg,0.028252,0.094131,0.877617
10025.jpg,0.133654,0.849216,0.017130
10026.jpg,0.324629,0.327578,0.347793
10027.jpg,0.133690,0.758058,0.108251
10028.jpg,0.026314,0.419936,0.553750
10029.jpg,0.791076,0.195118,0.013806
10030.jpg,0.043106,0.218174,0.738720
10031.jpg,0.038588,0.289735,0.671677
10032.jpg,0.038618,0.526106,0.435276
10033.jpg,0.105246,0.873593,0.021161
10034.jpg,0.051988,0.900571,0.047442
10035.jpg,0.023962,0.581733,0.394305
10036.jpg,0.154481,0.799294,0.046225
10037.jpg,0.201020,0.693735,0.105245
10038.jpg,0.038523,0.908376,0.053100
10039.jpg,0.828106,0.171336,0.000558
10040.jpg,0.118976,0.160975,0.720049
10041.jpg,0.163100,0.825554,0.011346
10042.jpg,0.058375,0.354615,0.587010
10043.jpg,0.048209,0.887346,0.064445
10044.jpg,0.411855,0.443857,0.144288
10045.jpg,0.243385,0.717564,0.039051
10046.jpg,0.586663,0.404103,0.009234
10047.jpg,0.140265,0.832900,0.026835
10048.jpg,0.086454,0.744898,0.168648
10049.jpg,0.042924,0.451806,0.505270
10050.jpg,0.049538,0.893258,0.057204
10051.jpg,0.007852,0.668063,0.324085
10052.jpg,0.025155,0.384966,0.589879
10053.jpg,0.037190,0.196328,0.766482
10054.jpg,0.023908,0.654153,0.321939
10055.jpg,0.241961,0.294325,0.463714
10056.jpg,0.069507,0.885965,0.044528
10057.jpg,0.100127,0.824796,0.075077
10058.jpg,0.511696,0.483107,0.005198
10059.jpg,0.008294,0.325890,0.665816
10060.jpg,0.283660,0.711718,0.004623
10061.jpg,0.119692,0.834056,0.046252
10062.jpg,0.078058,0.126427,0.795515
10063.jpg,0.074835,0.888490,0.036675
10064.jpg,0.058405,0.904316,0.037279
10065.jpg,0.085894,0.591789,0.322317
10066.jpg,0.023567,0.070233,0.906200
10067.jpg,0.527711,0.455562,0.016728
10068.jpg,0.085949,0.636135,0.277916
10069.jpg,0.584429,0.400699,0.014872
10070.jpg,0.281540,0.708915,0.009546
10071.jpg,0.067749,0.857014,0.075238
10072.jpg,0.009384,0.241235,0.749381
10073.jpg,0.133990,0.840497,0.025512
10074.jpg,0.178913,0.777455,0.043633
10075.jpg,0.151992,0.828105,0.019903
10076.jpg,0.018568,0.084657,0.896775
10077.jpg,0.062389,0.223209,0.714402
10078.jpg,0.466932,0.521401,0.011667
10079.jpg,0.024408,0.097709,0.877882
10080.jpg,0.038327,0.312173,0.649501
10081.jpg,0.559556,0.434816,0.005628
10082.jpg,0.265370,0.632167,0.102463
10083.jpg,0.017106,0.139898,0.842996
10084.jpg,0.350581,0.546297,0.103122
10085.jpg,0.080708,0.875948,0.043344
10086.jpg,0.072079,0.851053,0.076868
10087.jpg,0.193013,0.766837,0.040150
10088.jpg,0.018657,0.295777,0.685566
10089.jpg,0.014920,0.874823,0.110257
10090.jpg,0.120575,0.647066,0.232358
10091.jpg,0.031718,0.759701,0.208581
10092.jpg,0.101803,0.566893,0.331304
10093.jpg,0.095173,0.838862,0.065965
10094.jpg,0.051763,0.279367,0.668870
10095.jpg,0.020169,0.242137,0.737694
10096.jpg,0.825674,0.170073,0.004253
10097.jpg,0.116386,0.711318,0.172296
10098.jpg,0.123785,0.830577,0.045637
10099.jpg,0.142307,0.719401,0.138292
10100.jpg,0.010449,0.372380,0.617170
10101.jpg,0.076150,0.862113,0.061738
10102.jpg,0.123842,0.562930,0.313227
10103.jpg,0.017767,0.094570,0.887663
10104.jpg,0.069690,0.476753,0.453557
10105.jpg,0.029355,0.161327,0.809318
10106.jpg,0.029144,0.067439,0.903416
10107.jpg,0.043126,0.269821,0.687053
10108.jpg,0.063119,0.886035,0.050846
10109.jpg,0.010143,0.554817,0.435040
10110.jpg,0.078696,0.103689,0.817616
10111.jpg,0.249083,0.727214,0.023704
10112.jpg,0.018927,0.286717,0.694356
10113.jpg,0.040818,0.301090,0.658092
10114.jpg,0.105536,0.842183,0.052281
10115.jpg,0.026250,0.098534,0.875216
10116.jpg,0.147325,0.807404,0.045271
10117.jpg,0.673597,0.308345,0.018058
10118.jpg,0.172918,0.816951,0.010131
10119.jpg,0.700284,0.260353,0.039363
10120.jpg,0.643812,0.354978,0.001210
10121.jpg,0.042652,0.472587,0.484761
10122.jpg,0.196213,0.548653,0.255134
10123.jpg,0.306535,0.682279,0.011186
10124.jpg,0.081663,0.893558,0.024780
10125.jpg,0.055348,0.444346,0.500305
10126.jpg,0.044231,0.902232,0.053537
10127.jpg,0.035054,0.473340,0.491607
10128.jpg,0.132031,0.684226,0.183744
10129.jpg,0.027037,0.673892,0.299071
10130.jpg,0.092734,0.631366,0.275900
10131.jpg,0.091482,0.834065,0.074453
10132.jpg,0.416179,0.554983,0.028838
10133.jpg,0.037683,0.880269,0.082048
10134.jpg,0.028154,0.124652,0.847193
10135.jpg,0.031933,0.503058,0.465009
10136.jpg,0.772122,0.211137,0.016742
10137.jpg,0.485464,0.385361,0.129175
10138.jpg,0.071767,0.869245,0.058988
10139.jpg,0.028741,0.494622,0.476638
10140.jpg,0.094999,0.709453,0.195548
10141.jpg,0.310553,0.669313,0.020134
10142.jpg,0.049975,0.892571,0.057454
10143.jpg,0.038585,0.207310,0.754105
10144.jpg,0.070499,0.892616,0.036885
10145.jpg,0.106036,0.385608,0.508356
10146.jpg,0.214525,0.705646,0.079830
10147.jpg,0.035233,0.909681,0.055087
10148.jpg,0.042681,0.338577,0.618742
10149.jpg,0.028561,0.758911,0.212528
10150.jpg,0.114767,0.740899,0.144334
10151.jpg,0.059134,0.594027,0.346839
10152.jpg,0.019868,0.336388,0.643744
10153.jpg,0.020448,0.620919,0.358633
10154.jpg,0.886754,0.112114,0.001132
10155.jpg,0.033519,0.881745,0.084736
10156.jpg,0.110153,0.760950,0.128897
10157.jpg,0.525509,0.473606,0.000884
10158.jpg,0.235416,0.739226,0.025358
10159.jpg,0.913029,0.085270,0.001701
10160.jpg,0.031217,0.855135,0.113647
10161.jpg,0.028375,0.059853,0.911773
10162.jpg,0.910528,0.085292,0.004180
10163.jpg,0.078516,0.700016,0.221469
10164.jpg,0.020945,0.182023,0.797032
10165.jpg,0.022163,0.062335,0.915502
10166.jpg,0.451635,0.501898,0.046466
10167.jpg,0.037111,0.694907,0.267982
10168.jpg,0.051302,0.748320,0.200379
10169.jpg,0.608100,0.338980,0.052920
10170.jpg,0.040026,0.053090,0.906884
10171.jpg,0.644987,0.330280,0.024732
10172.jpg,0.028457,0.297168,0.674375
10173.jpg,0.271941,0.361790,0.366270
10174.jpg,0.025608,0.104543,0.869849
10175.jpg,0.257311,0.680111,0.062578
10176.jpg,0.042229,0.860189,0.097582
10177.jpg,0.069912,0.869014,0.061073
10178.jpg,0.213765,0.703977,0.082258
10179.jpg,0.020716,0.088021,0.891263
10180.jpg,0.118401,0.800943,0.080656
10181.jpg,0.031773,0.229416,0.738811
10182.jpg,0.307904,0.686820,0.005276
10183.jpg,0.026197,0.088504,0.885299
10184.jpg,0.259769,0.732974,0.007257
10185.jpg,0.031432,0.371910,0.596657
10186.jpg,0.424572,0.570275,0.005153
10187.jpg,0.038125,0.096584,0.865290
10188.jpg,0.026796,0.247710,0.725494
10189.jpg,0.018091,0.477776,0.504133
10190.jpg,0.487441,0.510780,0.001779
10191.jpg,0.638539,0.346344,0.015116
10192.jpg,0.016228,0.830899,0.152873
10193.jpg,0.924012,0.074119,0.001869
10194.jpg,0.112356,0.800340,0.087304
10195.jpg,0.018272,0.221387,0.760342
10196.jpg,0.116732,0.835734,0.047535
10197.jpg,0.128157,0.736247,0.135596
10198.jpg,0.146777,0.833210,0.020013
10199.jpg,0.187324,0.777646,0.035030
10200.jpg,0.050492,0.872717,0.076792
10201.jpg,0.042463,0.895716,0.061821
10202.jpg,0.011662,0.211043,0.777296
10203.jpg,0.012651,0.581012,0.406337
10204.jpg,0.029757,0.825107,0.145136
10205.jpg,0.631043,0.357778,0.011179
10206.jpg,0.175149,0.805864,0.018987
10207.jpg,0.143310,0.839522,0.017169
10208.jpg,0.040040,0.867824,0.092135
10209.jpg,0.031286,0.713456,0.255258
10210.jpg,0.069682,0.482464,0.447854
10211.jpg,0.041404,0.906010,0.052586
10212.jpg,0.095356,0.846402,0.058242
10213.jpg,0.198547,0.755378,0.046076
10214.jpg,0.065839,0.878108,0.056053
10215.jpg,0.047477,0.318338,0.634185
10216.jpg,0.113795,0.768841,0.117364
10217.jpg,0.264833,0.718644,0.016523
10218.jpg,0.038972,0.912096,0.048932
10219.jpg,0.923955,0.073982,0.002063
10220.jpg,0.050913,0.211312,0.737775
10221.jpg,0.520461,0.469795,0.009744
10222.jpg,0.029601,0.070584,0.899814
10223.jpg,0.039254,0.255518,0.705228
10224.jpg,0.113022,0.317438,0.569539
10225.jpg,0.021199,0.456503,0.522298
10226.jpg,0.023408,0.048047,0.928545
10227.jpg,0.007380,0.305908,0.686712
10228.jpg,0.220675,0.743664,0.035661
10229.jpg,0.058072,0.832156,0.109772
10230.jpg,0.052058,0.880853,0.067089
10231.jpg,0.055198,0.788282,0.156519
10232.jpg,0.030067,0.302881,0.667052
10233.jpg,0.890930,0.105679,0.003391
10234.jpg,0.050786,0.687472,0.261743
10235.jpg,0.070405,0.835176,0.094419
10236.jpg,0.038997,0.056707,0.904296
10237.jpg,0.024596,0.160378,0.815026
10238.jpg,0.067368,0.909670,0.022962
10239.jpg,0.091937,0.831886,0.076177
10240.jpg,0.049085,0.259780,0.691135
10241.jpg,0.170524,0.726886,0.102590
10242.jpg,0.219523,0.382757,0.397720
10243.jpg,0.697648,0.300929,0.001423
10244.jpg,0.015386,0.214634,0.769980
10245.jpg,0.055905,0.361323,0.582772
10246.jpg,0.046590,0.704799,0.248611
10247.jpg,0.860298,0.134711,0.004991
10248.jpg,0.050964,0.422563,0.526473
10249.jpg,0.086959,0.802862,0.110179
10250.jpg,0.012427,0.554533,0.433040
10251.jpg,0.095677,0.764887,0.139436
10252.jpg,0.054697,0.726190,0.219113
10253.jpg,0.081415,0.885429,0.033156
10254.jpg,0.027541,0.287535,0.684924
10255.jpg,0.041764,0.866349,0.091887
10256.jpg,0.041289,0.833582,0.125129
10257.jpg,0.045327,0.112930,0.841743
10258.jpg,0.062598,0.600537,0.336864
10259.jpg,0.030221,0.310900,0.658879
10260.jpg,0.047513,0.143352,0.809135
10261.jpg,0.225521,0.652653,0.121825
10262.jpg,0.065366,0.880974,0.053660
10263.jpg,0.479510,0.508933,0.011556
10264.jpg,0.047054,0.906852,0.046094
10265.jpg,0.014053,0.610564,0.375383
10266.jpg,0.046550,0.897810,0.055640
10267.jpg,0.093502,0.848481,0.058017
10268.jpg,0.180698,0.757225,0.062077
10269.jpg,0.235255,0.744945,0.019800
10270.jpg,0.813119,0.181752,0.005130
10271.jpg,0.178601,0.804496,0.016903
10272.jpg,0.040636,0.789526,0.169838
10273.jpg,0.055994,0.904183,0.039822
10274.jpg,0.869504,0.128929,0.001567
10275.jpg,0.810787,0.187775,0.001438
10276.jpg,0.041883,0.909505,0.048613
10277.jpg,0.133923,0.511710,0.354367
10278.jpg,0.504712,0.249979,0.245309
10279.jpg,0.022061,0.325939,0.652000
10280.jpg,0.103597,0.787660,0.108743
10281.jpg,0.785775,0.201357,0.012869
10282.jpg,0.107409,0.263391,0.629200
10283.jpg,0.202584,0.772075,0.025342
10284.jpg,0.144287,0.237717,0.617996
10285.jpg,0.019055,0.112152,0.868793
10286.jpg,0.131657,0.467723,0.400620
10287.jpg,0.064874,0.793471,0.141654
10288.jpg,0.032624,0.657177,0.310199
10289.jpg,0.012191,0.296061,0.691748
10290.jpg,0.080449,0.595447,0.324103
10291.jpg,0.178129,0.755208,0.066663
10292.jpg,0.016740,0.462906,0.520354
10293.jpg,0.226615,0.746898,0.026487
10294.jpg,0.126758,0.552041,0.321201
10295.jpg,0.056187,0.774810,0.169003
10296.jpg,0.048156,0.830523,0.121321
10297.jpg,0.427886,0.566199,0.005914
10298.jpg,0.415430,0.482207,0.102363
10299.jpg,0.104997,0.853934,0.041069
10300.jpg,0.179878,0.802546,0.017576
10301.jpg,0.080073,0.348256,0.571671
10302.jpg,0.010111,0.204045,0.785844
10303.jpg,0.119731,0.512415,0.367854
10304.jpg,0.043723,0.318689,0.637588
10305.jpg,0.705303,0.294187,0.000510
10306.jpg,0.063599,0.887793,0.048608
10307.jpg,0.502906,0.480060,0.017034
10308.jpg,0.025217,0.083478,0.891305
10309.jpg,0.033993,0.648663,0.317344
10310.jpg,0.023157,0.193837,0.783006
10311.jpg,0.075480,0.382930,0.541590
10312.jpg,0.081736,0.865412,0.052852
10313.jpg,0.054384,0.197558,0.748058
10314.jpg,0.094738,0.856550,0.048712
10315.jpg,0.023735,0.390318,0.585947
10316.jpg,0.028966,0.544629,0.426405
10317.jpg,0.086227,0.890013,0.023760
10318.jpg,0.085940,0.382675,0.531386
10319.jpg,0.038068,0.918216,0.043716
10320.jpg,0.083465,0.862129,0.054406
10321.jpg,0.104137,0.305509,0.590354
10322.jpg,0.029606,0.088845,0.881549
10323.jpg,0.031039,0.208104,0.760857
10324.jpg,0.050484,0.904339,0.045177
10325.jpg,0.127823,0.132177,0.740000
10326.jpg,0.042215,0.155754,0.802031
10327.jpg,0.388575,0.324469,0.286956
10328.jpg,0.051362,0.900865,0.047773
10329.jpg,0.068381,0.837115,0.094504
10330.jpg,0.031331,0.135532,0.833137
10331.jpg,0.056995,0.905881,0.037123
10332.jpg,0.016801,0.216745,0.766454
10333.jpg,0.028505,0.050920,0.920575
10334.jpg,0.029483,0.745601,0.224916
10335.jpg,0.087954,0.191091,0.720955
10336.jpg,0.368453,0.594420,0.037126
10337.jpg,0.175709,0.745028,0.079263
10338.jpg,0.079628,0.886024,0.034347
10339.jpg,0.706305,0.259682,0.034013
10340.jpg,0.754680,0.244703,0.000617
10341.jpg,0.379499,0.512850,0.107651
10342.jpg,0.056884,0.215804,0.727312
10343.jpg,0.263908,0.411300,0.324792
10344.jpg,0.054848,0.134152,0.811000
10345.jpg,0.015708,0.128069,0.856223
10346.jpg,0.063322,0.299596,0.637082
10347.jpg,0.043364,0.905616,0.051020
10348.jpg,0.013349,0.175502,0.811149
10349.jpg,0.196246,0.795125,0.008629
10350.jpg,0.019352,0.157684,0.822964
10351.jpg,0.075165,0.609116,0.315719
10352.jpg,0.426776,0.515803,0.057421
10353.jpg,0.025299,0.138291,0.836410
10354.jpg,0.066745,0.783689,0.149566
10355.jpg,0.124243,0.830125,0.045632
10356.jpg,0.027935,0.264736,0.707329
10357.jpg,0.456503,0.536422,0.007075
10358.jpg,0.713837,0.149478,0.136685
10359.jpg,0.028098,0.908580,0.063323
10360.jpg,0.323490,0.627639,0.048871
10361.jpg,0.027018,0.720959,0.252023
10362.jpg,0.062697,0.896363,0.040940
10363.jpg,0.075578,0.814656,0.109766
10364.jpg,0.563407,0.411888,0.024705
10365.jpg,0.091309,0.533042,0.375648
10366.jpg,0.037450,0.146348,0.816202
10367.jpg,0.867233,0.123918,0.008850
10368.jpg,0.021460,0.788759,0.189781
10369.jpg,0.063927,0.832654,0.103419
10370.jpg,0.645910,0.345151,0.008938
10371.jpg,0.577534,0.412866,0.009600
10372.jpg,0.038820,0.909067,0.052114
10373.jpg,0.163332,0.560947,0.275720
10374.jpg,0.024839,0.683701,0.291460
10375.jpg,0.060304,0.903331,0.036365
10376.jpg,0.714131,0.269904,0.015965
10377.jpg,0.033241,0.163571,0.803188
10378.jpg,0.024948,0.040970,0.934082
10379.jpg,0.016752,0.154991,0.828257
10380.jpg,0.101071,0.832856,0.066072
10381.jpg,0.034368,0.104566,0.861066
10382.jpg,0.295683,0.662577,0.041740
10383.jpg,0.072752,0.892836,0.034412
10384.jpg,0.683639,0.312037,0.004323
10385.jpg,0.909597,0.087652,0.002750
10386.jpg,0.036304,0.095651,0.868045
10387.jpg,0.038781,0.892063,0.069157
10388.jpg,0.158235,0.793783,0.047982
10389.jpg,0.038403,0.658865,0.302733
10390.jpg,0.040536,0.900633,0.058831
10391.jpg,0.020782,0.467723,0.511495
10392.jpg,0.111288,0.632777,0.255934
10393.jpg,0.030062,0.061199,0.908739
10394.jpg,0.030440,0.219850,0.749710
10395.jpg,0.076172,0.786204,0.137625
10396.jpg,0.825112,0.174001,0.000887
10397.jpg,0.075155,0.771921,0.152924
10398.jpg,0.453476,0.496297,0.050228
10399.jpg,0.022561,0.080623,0.896817
10400.jpg,0.057886,0.871796,0.070318
10401.jpg,0.260532,0.733043,0.006424
10402.jpg,0.888463,0.107626,0.003911
10403.jpg,0.017770,0.171573,0.810657
10404.jpg,0.106902,0.814761,0.078336
10405.jpg,0.844507,0.153603,0.001890
10406.jpg,0.082482,0.890295,0.027223
10407.jpg,0.816764,0.182045,0.001191
10408.jpg,0.255600,0.708647,0.035753
10409.jpg,0.212073,0.757401,0.030525
10410.jpg,0.066980,0.902194,0.030826
10411.jpg,0.051791,0.890847,0.057362
10412.jpg,0.276436,0.677027,0.046537
10413.jpg,0.096153,0.881434,0.022413
10414.jpg,0.047929,0.360650,0.591420
10415.jpg,0.207631,0.759121,0.033247
10416.jpg,0.036980,0.098835,0.864185
10417.jpg,0.271634,0.540724,0.187642
10418.jpg,0.034716,0.867294,0.097991
10419.jpg,0.035758,0.271592,0.692650
10420.jpg,0.839860,0.153451,0.006690
10421.jpg,0.043187,0.914963,0.041849
10422.jpg,0.143437,0.792267,0.064296
10423.jpg,0.054176,0.882442,0.063382
10424.jpg,0.023840,0.062804,0.913355
10425.jpg,0.227527,0.700285,0.072188
10426.jpg,0.095322,0.750373,0.154305
10427.jpg,0.021841,0.677130,0.301029
10428.jpg,0.027519,0.099858,0.872623
10429.jpg,0.080342,0.605357,0.314301
10430.jpg,0.011853,0.358832,0.629316
10431.jpg,0.745134,0.242957,0.011909
10432.jpg,0.031578,0.096011,0.872411
10433.jpg,0.028866,0.876841,0.094293
10434.jpg,0.020069,0.062647,0.917284
10435.jpg,0.048956,0.291287,0.659757
10436.jpg,0.108041,0.795873,0.096086
10437.jpg,0.047503,0.790307,0.162190
10438.jpg,0.026949,0.114835,0.858217
10439.jpg,0.050252,0.162735,0.787012
10440.jpg,0.069466,0.108853,0.821681
10441.jpg,0.018854,0.653476,0.327670
10442.jpg,0.011573,0.389639,0.598788
10443.jpg,0.032998,0.168195,0.798806
10444.jpg,0.070291,0.866030,0.063679
10445.jpg,0.509741,0.217992,0.272267
10446.jpg,0.681574,0.306784,0.011642
10447.jpg,0.072669,0.871617,0.055714
10448.jpg,0.027615,0.131771,0.840614
10449.jpg,0.145202,0.635651,0.219147
10450.jpg,0.064738,0.684817,0.250445
10451.jpg,0.651354,0.264214,0.084431
10452.jpg,0.045249,0.898748,0.056003
10453.jpg,0.330777,0.659984,0.009239
10454.jpg,0.216683,0.748656,0.034662
10455.jpg,0.069097,0.842143,0.088761
10456.jpg,0.090012,0.685770,0.224218
10457.jpg,0.036940,0.237681,0.725379
10458.jpg,0.163649,0.709798,0.126553
10459.jpg,0.023889,0.041103,0.935008
10460.jpg,0.285089,0.686306,0.028605
10461.jpg,0.838136,0.153921,0.007944
10462.jpg,0.041202,0.188772,0.770025
10463.jpg,0.034644,0.913366,0.051990
10464.jpg,0.026950,0.179139,0.793910
10465.jpg,0.013048,0.231220,0.755733
10466.jpg,0.052501,0.465534,0.481965
10467.jpg,0.193128,0.768862,0.038010
10468.jpg,0.116090,0.528508,0.355402
10469.jpg,0.029609,0.096794,0.873597
10470.jpg,0.148750,0.588313,0.262937
10471.jpg,0.029019,0.386544,0.584438
10472.jpg,0.342795,0.611000,0.046204
10473.jpg,0.039667,0.800985,0.159348
10474.jpg,0.042415,0.155132,0.802453
10475.jpg,0.177059,0.681158,0.141783
10476.jpg,0.250949,0.212353,0.536697
10477.jpg,0.037746,0.109281,0.852972
10478.jpg,0.035199,0.312132,0.652669
10479.jpg,0.124533,0.806621,0.068846
10480.jpg,0.039993,0.819351,0.140655
10481.jpg,0.031866,0.080890,0.887243
10482.jpg,0.071575,0.232446,0.695978
10483.jpg,0.052718,0.521915,0.425366
10484.jpg,0.043473,0.792386,0.164141
10485.jpg,0.063265,0.211318,0.725418
10486.jpg,0.372094,0.595043,0.032863
10487.jpg,0.521848,0.349441,0.128712
10488.jpg,0.036727,0.797272,0.166001
10489.jpg,0.277768,0.670498,0.051734
10490.jpg,0.082134,0.883194,0.034672
10491.jpg,0.894876,0.101851,0.003273
10492.jpg,0.077777,0.724968,0.197255
10493.jpg,0.067710,0.831290,0.101000
10494.jpg,0.055855,0.909703,0.034442
10495.jpg,0.671150,0.314826,0.014024
10496.jpg,0.087180,0.265406,0.647413
10497.jpg,0.033803,0.058226,0.907971
10498.jpg,0.031312,0.160054,0.808633
10499.jpg,0.062844,0.365560,0.571596
10500.jpg,0.029295,0.643671,0.327034
10501.jpg,0.201285,0.617498,0.181218
10502.jpg,0.071615,0.496551,0.431834
10503.jpg,0.029158,0.060131,0.910711
10504.jpg,0.054119,0.881370,0.064511
10505.jpg,0.021920,0.045808,0.932272
10506.jpg,0.778252,0.218937,0.002811
10507.jpg,0.018364,0.853960,0.127676
10508.jpg,0.054745,0.878256,0.066999
10509.jpg,0.032401,0.787781,0.179818
10510.jpg,0.031393,0.105865,0.862742
10511.jpg,0.021876,0.257533,0.720591
10512.jpg,0.040856,0.149317,0.809828
10513.jpg,0.178252,0.799382,0.022366
10514.jpg,0.428214,0.418049,0.153738
10515.jpg,0.077133,0.884617,0.038250
10516.jpg,0.028847,0.866035,0.105118
10517.jpg,0.047214,0.264482,0.688304
10518.jpg,0.069420,0.230191,0.700389
10519.jpg,0.043948,0.916173,0.039879
10520.jpg,0.031399,0.188327,0.780274
10521.jpg,0.056715,0.662478,0.280807
10522.jpg,0.032652,0.910831,0.056517
10523.jpg,0.042234,0.546312,0.411454
10524.jpg,0.854969,0.144112,0.000920
10525.jpg,0.039331,0.101731,0.858938
10526.jpg,0.172225,0.667485,0.160290
10527.jpg,0.033115,0.129737,0.837148
10528.jpg,0.090506,0.871495,0.037998
10529.jpg,0.051925,0.889556,0.058519
10530.jpg,0.066812,0.820078,0.113110
10531.jpg,0.015058,0.114787,0.870155
10532.jpg,0.705712,0.258775,0.035513
10533.jpg,0.013519,0.137321,0.849160
10534.jpg,0.248322,0.638106,0.113572
10535.jpg,0.586888,0.404082,0.009030
10536.jpg,0.060386,0.793230,0.146383
10537.jpg,0.731203,0.242563,0.026234
10538.jpg,0.101409,0.809383,0.089209
10539.jpg,0.067455,0.882942,0.049603
10540.jpg,0.031512,0.388424,0.580064
10541.jpg,0.191240,0.741983,0.066777
10542.jpg,0.389657,0.602974,0.007369
10543.jpg,0.516308,0.474167,0.009525
10544.jpg,0.642461,0.317444,0.040096
10545.jpg,0.872178,0.125765,0.002057
10546.jpg,0.066416,0.752640,0.180944
10547.jpg,0.046411,0.897248,0.056341
10548.jpg,0.107069,0.813458,0.079473
10549.jpg,0.010238,0.659825,0.329937
10550.jpg,0.096710,0.745698,0.157591
10551.jpg,0.022843,0.835027,0.142130
10552.jpg,0.064268,0.847993,0.087739
10553.jpg,0.025093,0.065137,0.909771
10554.jpg,0.108632,0.794257,0.097111
10555.jpg,0.062832,0.880790,0.056378
10556.jpg,0.013530,0.227647,0.758824
10557.jpg,0.389645,0.403347,0.207008
10558.jpg,0.034598,0.128143,0.837259
10559.jpg,0.023818,0.131160,0.845023
10560.jpg,0.433462,0.518000,0.048538
10561.jpg,0.030966,0.174557,0.794477
10562.jpg,0.022875,0.060683,0.916442
10563.jpg,0.024368,0.092038,0.883595
10564.jpg,0.195784,0.779944,0.024272
10565.jpg,0.429088,0.375855,0.195057
10566.jpg,0.817055,0.182066,0.000879
10567.jpg,0.120470,0.590393,0.289137
10568.jpg,0.103438,0.132553,0.764009
10569.jpg,0.029988,0.912314,0.057698
10570.jpg,0.031401,0.918335,0.050264
10571.jpg,0.022576,0.042331,0.935093
10572.jpg,0.026864,0.200671,0.772465
10573.jpg,0.029007,0.889504,0.081488
10574.jpg,0.210284,0.292483,0.497233
10575.jpg,0.178682,0.315986,0.505332
10576.jpg,0.031119,0.751866,0.217015
10577.jpg,0.106619,0.875288,0.018093
10578.jpg,0.021583,0.815546,0.162870
10579.jpg,0.055545,0.316814,0.627641
10580.jpg,0.291906,0.551812,0.156282
10581.jpg,0.043180,0.879429,0.077391
10582.jpg,0.245250,0.701078,0.053673
10583.jpg,0.015901,0.070188,0.913911
10584.jpg,0.019617,0.120216,0.860168
10585.jpg,0.029209,0.075686,0.895106
10586.jpg,0.072689,0.814916,0.112395
10587.jpg,0.330150,0.662575,0.007275
10588.jpg,0.064633,0.697799,0.237568
10589.jpg,0.830633,0.167364,0.002003
10590.jpg,0.424051,0.510916,0.065033
10591.jpg,0.026136,0.275579,0.698285
10592.jpg,0.035952,0.852658,0.111390
10593.jpg,0.026272,0.146386,0.827342
10594.jpg,0.588954,0.409517,0.001529
10595.jpg,0.033765,0.053783,0.912452
10596.jpg,0.169152,0.777990,0.052858
10597.jpg,0.026725,0.672949,0.300326
