image_name,Type_1,Type_2,Type_3
0.jpg,0.253036,0.727296,0.019668
1.jpg,0.074172,0.755298,0.170530
2.jpg,0.148490,0.838617,0.012893
3.jpg,0.015220,0.469115,0.515665
4.jpg,0.027172,0.079917,0.892911
5.jpg,0.172854,0.815596,0.011550
6.jpg,0.348651,0.645857,0.005492
7.jpg,0.017399,0.263269,0.719332
8.jpg,0.346949,0.645035,0.008016
9.jpg,0.064615,0.848877,0.086508
10.jpg,0.232044,0.761873,0.006083
11.jpg,0.021516,0.063765,0.914719
12.jpg,0.035390,0.144502,0.820108
13.jpg,0.020473,0.081360,0.898168
14.jpg,0.022046,0.628271,0.349683
15.jpg,0.052994,0.203688,0.743319
16.jpg,0.462706,0.525299,0.011995
17.jpg,0.465758,0.532205,0.002037
18.jpg,0.164573,0.813886,0.021541
19.jpg,0.031886,0.272314,0.695800
20.jpg,0.934391,0.064998,0.000611
21.jpg,0.226586,0.737581,0.035833
22.jpg,0.104307,0.866746,0.028947
23.jpg,0.450404,0.537687,0.011909
24.jpg,0.694907,0.292913,0.012180
25.jpg,0.262602,0.706790,0.030607
26.jpg,0.280322,0.714304,0.005374
27.jpg,0.063604,0.120650,0.815745
28.jpg,0.088062,0.798876,0.113062
29.jpg,0.030402,0.328468,0.641130
30.jpg,0.160605,0.810261,0.029134
31.jpg,0.306870,0.683174,0.009956
32.jpg,0.464019,0.415363,0.120618
33.jpg,0.527922,0.464357,0.007721
34.jpg,0.104894,0.787825,0.107281
35.jpg,0.029223,0.406140,0.564637
36.jpg,0.255676,0.734540,0.009785
37.jpg,0.559582,0.435323,0.005095
38.jpg,0.120787,0.839364,0.039849
39.jpg,0.148416,0.724388,0.127196
40.jpg,0.020600,0.127353,0.852047
41.jpg,0.018910,0.293420,0.687670
42.jpg,0.074658,0.781210,0.144132
43.jpg,0.020335,0.817458,0.162207
44.jpg,0.073397,0.700578,0.226026
45.jpg,0.025227,0.452720,0.522053
46.jpg,0.031048,0.179573,0.789379
47.jpg,0.293614,0.699278,0.007108
48.jpg,0.024977,0.071726,0.903297
49.jpg,0.033409,0.151727,0.814864
50.jpg,0.056937,0.193303,0.749760
51.jpg,0.958759,0.040310,0.000931
52.jpg,0.052641,0.265112,0.682247
53.jpg,0.036317,0.176552,0.787131
54.jpg,0.036899,0.334865,0.628235
55.jpg,0.099976,0.210010,0.690014
56.jpg,0.049926,0.897816,0.052258
57.jpg,0.374607,0.614697,0.010697
58.jpg,0.066887,0.589459,0.343654
59.jpg,0.795252,0.203820,0.000928
60.jpg,0.175340,0.469615,0.355045
61.jpg,0.181388,0.785175,0.033437
62.jpg,0.069804,0.295202,0.634994
63.jpg,0.119300,0.724961,0.155739
64.jpg,0.259565,0.733321,0.007114
65.jpg,0.854808,0.140115,0.005077
66.jpg,0.026579,0.067706,0.905715
67.jpg,0.020442,0.073849,0.905709
68.jpg,0.094135,0.859280,0.046585
69.jpg,0.187907,0.705667,0.106426
70.jpg,0.710204,0.263328,0.026467
71.jpg,0.228942,0.745531,0.025527
72.jpg,0.348320,0.638303,0.013377
73.jpg,0.447564,0.420673,0.131763
74.jpg,0.031745,0.298695,0.669560
75.jpg,0.353511,0.641831,0.004659
76.jpg,0.056414,0.152970,0.790616
77.jpg,0.073212,0.798442,0.128347
78.jpg,0.022789,0.054672,0.922539
79.jpg,0.663215,0.334209,0.002576
80.jpg,0.025434,0.238788,0.735778
81.jpg,0.090321,0.841352,0.068328
82.jpg,0.317170,0.668803,0.014027
83.jpg,0.021983,0.076526,0.901491
84.jpg,0.777724,0.215802,0.006473
85.jpg,0.140947,0.832241,0.026813
86.jpg,0.020438,0.051387,0.928175
87.jpg,0.030628,0.094753,0.874619
88.jpg,0.432600,0.529321,0.038079
89.jpg,0.036560,0.164195,0.799245
90.jpg,0.494644,0.484071,0.021285
91.jpg,0.270981,0.702835,0.026184
92.jpg,0.021390,0.080854,0.897756
93.jpg,0.056266,0.900919,0.042815
94.jpg,0.161339,0.747291,0.091370
95.jpg,0.050603,0.731187,0.218209
96.jpg,0.217529,0.764970,0.017500
97.jpg,0.042669,0.201491,0.755840
98.jpg,0.469934,0.497638,0.032428
99.jpg,0.093088,0.334546,0.572366
100.jpg,0.104457,0.868870,0.026673
101.jpg,0.690843,0.304488,0.004669
102.jpg,0.170378,0.771981,0.057641
103.jpg,0.284079,0.637365,0.078556
104.jpg,0.033301,0.264891,0.701807
105.jpg,0.026061,0.068293,0.905646
106.jpg,0.101283,0.847425,0.051292
107.jpg,0.063661,0.374262,0.562077
108.jpg,0.070804,0.514766,0.414430
109.jpg,0.035641,0.115637,0.848722
110.jpg,0.071373,0.879598,0.049028
111.jpg,0.243463,0.511298,0.245239
112.jpg,0.045456,0.143853,0.810691
113.jpg,0.067621,0.338561,0.593818
114.jpg,0.023459,0.289003,0.687538
115.jpg,0.056801,0.890662,0.052537
116.jpg,0.050283,0.133253,0.816463
117.jpg,0.165846,0.819155,0.014998
118.jpg,0.023190,0.077846,0.898964
119.jpg,0.224657,0.290021,0.485323
120.jpg,0.063180,0.881277,0.055544
121.jpg,0.083059,0.877735,0.039205
122.jpg,0.022902,0.108240,0.868858
123.jpg,0.323036,0.652381,0.024583
124.jpg,0.025512,0.075346,0.899142
125.jpg,0.021867,0.485494,0.492638
126.jpg,0.043555,0.890412,0.066033
127.jpg,0.053181,0.821130,0.125690
128.jpg,0.062452,0.897566,0.039982
129.jpg,0.104548,0.848830,0.046622
130.jpg,0.503297,0.495510,0.001193
131.jpg,0.030304,0.061160,0.908535
132.jpg,0.026687,0.344528,0.628785
133.jpg,0.017901,0.138571,0.843528
134.jpg,0.047602,0.901084,0.051314
135.jpg,0.139349,0.827010,0.033641
136.jpg,0.046497,0.894015,0.059487
137.jpg,0.254757,0.686625,0.058619
138.jpg,0.072768,0.683689,0.243544
139.jpg,0.086289,0.875808,0.037904
140.jpg,0.088794,0.833089,0.078116
141.jpg,0.068012,0.214806,0.717182
142.jpg,0.574464,0.423178,0.002358
143.jpg,0.029053,0.134247,0.836700
144.jpg,0.172356,0.813623,0.014021
145.jpg,0.025381,0.060526,0.914093
146.jpg,0.060413,0.888189,0.051398
147.jpg,0.070291,0.749131,0.180578
148.jpg,0.318290,0.651295,0.030415
149.jpg,0.035759,0.173879,0.790362
150.jpg,0.532800,0.456495,0.010705
151.jpg,0.118966,0.245767,0.635267
152.jpg,0.046992,0.900697,0.052312
153.jpg,0.018712,0.109204,0.872085
154.jpg,0.813388,0.185496,0.001116
155.jpg,0.122940,0.621639,0.255421
156.jpg,0.112319,0.688043,0.199638
157.jpg,0.086746,0.309729,0.603526
158.jpg,0.049228,0.213775,0.736997
159.jpg,0.087423,0.790589,0.121988
160.jpg,0.220328,0.769930,0.009742
161.jpg,0.111383,0.680317,0.208301
162.jpg,0.024062,0.487055,0.488883
163.jpg,0.283702,0.534069,0.182229
164.jpg,0.162249,0.614418,0.223333
165.jpg,0.866831,0.129139,0.004029
166.jpg,0.185191,0.546856,0.267953
167.jpg,0.028469,0.203429,0.768102
168.jpg,0.286083,0.677317,0.036600
169.jpg,0.181008,0.806953,0.012039
170.jpg,0.079005,0.888262,0.032734
171.jpg,0.011269,0.274147,0.714584
172.jpg,0.040796,0.327900,0.631304
173.jpg,0.063506,0.287412,0.649082
174.jpg,0.514590,0.459340,0.026070
175.jpg,0.065520,0.405593,0.528887
176.jpg,0.132467,0.809330,0.058203
177.jpg,0.131873,0.850647,0.017480
178.jpg,0.035908,0.290808,0.673284
179.jpg,0.365725,0.627810,0.006465
180.jpg,0.055406,0.191023,0.753572
181.jpg,0.114656,0.600848,0.284496
182.jpg,0.028015,0.055940,0.916045
183.jpg,0.131925,0.796472,0.071603
184.jpg,0.028431,0.138178,0.833391
185.jpg,0.075929,0.566194,0.357877
186.jpg,0.053058,0.899487,0.047455
187.jpg,0.079109,0.752013,0.168878
188.jpg,0.056150,0.116435,0.827415
189.jpg,0.024860,0.277053,0.698087
190.jpg,0.081752,0.885072,0.033176
191.jpg,0.041759,0.147464,0.810777
192.jpg,0.058088,0.792467,0.149445
193.jpg,0.700483,0.297674,0.001843
194.jpg,0.092049,0.465530,0.442420
195.jpg,0.100342,0.786862,0.112796
196.jpg,0.787880,0.211782,0.000338
197.jpg,0.364876,0.621663,0.013461
198.jpg,0.050497,0.210092,0.739411
199.jpg,0.046458,0.229070,0.724472
200.jpg,0.089742,0.867845,0.042413
201.jpg,0.135426,0.751348,0.113226
202.jpg,0.296012,0.684336,0.019653
203.jpg,0.141110,0.578195,0.280695
204.jpg,0.022957,0.094900,0.882144
205.jpg,0.037809,0.093357,0.868834
206.jpg,0.125479,0.752854,0.121667
207.jpg,0.050895,0.186975,0.762130
208.jpg,0.018926,0.115496,0.865579
209.jpg,0.024556,0.066200,0.909244
210.jpg,0.056420,0.375459,0.568121
211.jpg,0.423660,0.567899,0.008441
212.jpg,0.183452,0.765536,0.051012
213.jpg,0.024306,0.151280,0.824414
214.jpg,0.245881,0.725576,0.028542
215.jpg,0.270576,0.722008,0.007416
216.jpg,0.110095,0.867354,0.022551
217.jpg,0.175372,0.816735,0.007893
218.jpg,0.066465,0.874106,0.059428
219.jpg,0.090894,0.288511,0.620595
220.jpg,0.253557,0.702590,0.043853
221.jpg,0.029392,0.206493,0.764115
222.jpg,0.038910,0.212813,0.748277
223.jpg,0.024010,0.061220,0.914770
224.jpg,0.025265,0.054903,0.919832
225.jpg,0.088644,0.789278,0.122078
226.jpg,0.043430,0.311631,0.644939
227.jpg,0.050602,0.885998,0.063400
228.jpg,0.066548,0.885690,0.047762
229.jpg,0.134194,0.746803,0.119003
230.jpg,0.119767,0.831506,0.048727
231.jpg,0.909397,0.087785,0.002818
232.jpg,0.480140,0.513525,0.006336
233.jpg,0.205634,0.781993,0.012373
234.jpg,0.049436,0.104099,0.846465
235.jpg,0.112166,0.747698,0.140136
236.jpg,0.099596,0.686726,0.213678
237.jpg,0.043945,0.223191,0.732864
238.jpg,0.019742,0.075420,0.904838
239.jpg,0.056220,0.896472,0.047308
240.jpg,0.042481,0.139015,0.818505
241.jpg,0.222096,0.633595,0.144309
242.jpg,0.122137,0.707877,0.169986
243.jpg,0.722225,0.277185,0.000589
244.jpg,0.026838,0.093791,0.879371
245.jpg,0.297659,0.693608,0.008733
246.jpg,0.052093,0.874081,0.073826
247.jpg,0.122955,0.735419,0.141626
248.jpg,0.100411,0.455562,0.444027
249.jpg,0.362291,0.575203,0.062506
250.jpg,0.109911,0.745053,0.145036
251.jpg,0.070220,0.889419,0.040361
252.jpg,0.159757,0.717165,0.123078
253.jpg,0.095368,0.429080,0.475552
254.jpg,0.024389,0.055169,0.920442
255.jpg,0.048554,0.722359,0.229087
256.jpg,0.023402,0.132505,0.844093
257.jpg,0.062944,0.903715,0.033341
258.jpg,0.055744,0.268672,0.675585
259.jpg,0.045243,0.151840,0.802916
260.jpg,0.317020,0.634614,0.048366
261.jpg,0.671804,0.301342,0.026855
262.jpg,0.315965,0.659159,0.024876
263.jpg,0.093634,0.855285,0.051080
264.jpg,0.023372,0.223341,0.753287
265.jpg,0.036027,0.156485,0.807488
266.jpg,0.023887,0.069865,0.906249
267.jpg,0.353210,0.627588,0.019202
268.jpg,0.684229,0.297367,0.018404
269.jpg,0.710543,0.278917,0.010540
270.jpg,0.021125,0.055752,0.923123
271.jpg,0.070667,0.750754,0.178579
272.jpg,0.208891,0.692504,0.098605
273.jpg,0.049169,0.489315,0.461516
274.jpg,0.298679,0.657296,0.044025
275.jpg,0.029554,0.087716,0.882730
276.jpg,0.031388,0.279513,0.689099
277.jpg,0.127857,0.845227,0.026916
278.jpg,0.079570,0.645813,0.274617
279.jpg,0.031454,0.163572,0.804974
280.jpg,0.114403,0.853744,0.031853
281.jpg,0.082573,0.529392,0.388035
282.jpg,0.071207,0.890243,0.038550
283.jpg,0.031833,0.120533,0.847635
284.jpg,0.023141,0.077407,0.899451
285.jpg,0.533473,0.430218,0.036309
286.jpg,0.062912,0.796244,0.140844
287.jpg,0.023271,0.105311,0.871417
288.jpg,0.034669,0.787190,0.178141
289.jpg,0.905782,0.091948,0.002270
290.jpg,0.083685,0.837193,0.079122
291.jpg,0.268424,0.717316,0.014260
292.jpg,0.127057,0.792510,0.080433
293.jpg,0.813106,0.183114,0.003780
294.jpg,0.262580,0.702200,0.035220
295.jpg,0.235574,0.666065,0.098361
296.jpg,0.088326,0.877070,0.034604
297.jpg,0.168932,0.770807,0.060261
298.jpg,0.048577,0.101586,0.849838
299.jpg,0.137765,0.847968,0.014267
300.jpg,0.076060,0.891285,0.032655
301.jpg,0.080667,0.605779,0.313554
302.jpg,0.124625,0.381742,0.493633
303.jpg,0.177896,0.794154,0.027950
304.jpg,0.797672,0.201096,0.001232
305.jpg,0.056895,0.782079,0.161026
306.jpg,0.307675,0.552008,0.140317
307.jpg,0.019797,0.118121,0.862082
308.jpg,0.357366,0.632933,0.009701
309.jpg,0.032718,0.267782,0.699500
310.jpg,0.022101,0.396109,0.581790
311.jpg,0.022465,0.070267,0.907268
312.jpg,0.890150,0.107751,0.002099
313.jpg,0.020244,0.225220,0.754536
314.jpg,0.052088,0.905943,0.041969
315.jpg,0.200128,0.787265,0.012606
316.jpg,0.456701,0.522901,0.020399
317.jpg,0.772983,0.223910,0.003107
318.jpg,0.067707,0.902131,0.030162
319.jpg,0.020987,0.517104,0.461909
320.jpg,0.085713,0.809371,0.104916
321.jpg,0.222894,0.650235,0.126871
322.jpg,0.062830,0.691209,0.245961
323.jpg,0.053780,0.615184,0.331036
324.jpg,0.217871,0.764284,0.017845
325.jpg,0.038482,0.087525,0.873993
326.jpg,0.023608,0.068556,0.907836
327.jpg,0.054212,0.333906,0.611882
328.jpg,0.036718,0.574292,0.388990
329.jpg,0.035054,0.746802,0.218143
330.jpg,0.123743,0.855804,0.020453
331.jpg,0.902926,0.094459,0.002615
332.jpg,0.321796,0.598046,0.080157
333.jpg,0.021701,0.093698,0.884600
334.jpg,0.020895,0.082247,0.896858
335.jpg,0.021719,0.077484,0.900797
336.jpg,0.807078,0.191900,0.001023
337.jpg,0.040690,0.147223,0.812086
338.jpg,0.202998,0.768172,0.028829
339.jpg,0.029886,0.163602,0.806513
340.jpg,0.090994,0.839189,0.069817
341.jpg,0.056427,0.858734,0.084838
342.jpg,0.093922,0.310986,0.595092
343.jpg,0.030334,0.117554,0.852112
344.jpg,0.732672,0.265478,0.001850
345.jpg,0.165939,0.810574,0.023487
346.jpg,0.073903,0.842970,0.083126
347.jpg,0.094277,0.869633,0.036090
348.jpg,0.063821,0.731044,0.205135
349.jpg,0.246373,0.671144,0.082483
350.jpg,0.030917,0.620840,0.348243
351.jpg,0.073639,0.615979,0.310382
352.jpg,0.026720,0.688067,0.285213
353.jpg,0.023996,0.109008,0.866995
354.jpg,0.196616,0.792923,0.010462
355.jpg,0.887358,0.110812,0.001830
356.jpg,0.893152,0.105925,0.000923
357.jpg,0.074892,0.888505,0.036603
358.jpg,0.081146,0.872907,0.045947
359.jpg,0.027152,0.104097,0.868751
360.jpg,0.070469,0.896323,0.033207
361.jpg,0.201876,0.738008,0.060116
362.jpg,0.043367,0.715411,0.241222
363.jpg,0.090302,0.787552,0.122146
364.jpg,0.027903,0.107166,0.864931
365.jpg,0.084606,0.823371,0.092023
366.jpg,0.036787,0.135339,0.827874
367.jpg,0.850941,0.144749,0.004311
368.jpg,0.293012,0.701158,0.005831
369.jpg,0.061608,0.864061,0.074331
370.jpg,0.046707,0.819811,0.133483
371.jpg,0.776165,0.222336,0.001499
372.jpg,0.021069,0.076335,0.902596
373.jpg,0.107386,0.861291,0.031323
374.jpg,0.099905,0.765821,0.134274
375.jpg,0.114596,0.872113,0.013291
376.jpg,0.025405,0.085560,0.889035
377.jpg,0.085459,0.875020,0.039521
378.jpg,0.061642,0.428642,0.509715
379.jpg,0.030740,0.194116,0.775143
380.jpg,0.082870,0.796220,0.120910
381.jpg,0.307120,0.660530,0.032350
382.jpg,0.723104,0.276183,0.000713
383.jpg,0.370981,0.621694,0.007325
384.jpg,0.091659,0.661876,0.246464
385.jpg,0.114346,0.725323,0.160331
386.jpg,0.022512,0.067524,0.909964
387.jpg,0.072696,0.364408,0.562896
388.jpg,0.017381,0.431929,0.550690
389.jpg,0.084061,0.874872,0.041067
390.jpg,0.108599,0.861054,0.030347
391.jpg,0.022673,0.147720,0.829606
392.jpg,0.222123,0.662330,0.115547
393.jpg,0.025555,0.091681,0.882764
394.jpg,0.067888,0.875151,0.056961
395.jpg,0.352377,0.641475,0.006149
396.jpg,0.087893,0.874950,0.037157
397.jpg,0.197730,0.776273,0.025997
398.jpg,0.019429,0.449428,0.531143
399.jpg,0.233398,0.737403,0.029199
400.jpg,0.024925,0.148534,0.826541
401.jpg,0.064521,0.652275,0.283204
402.jpg,0.631474,0.366483,0.002043
403.jpg,0.613179,0.384202,0.002619
404.jpg,0.221041,0.764507,0.014452
405.jpg,0.099027,0.854502,0.046471
406.jpg,0.542510,0.456800,0.000689
407.jpg,0.068818,0.900980,0.030202
408.jpg,0.347134,0.564360,0.088506
409.jpg,0.062091,0.124392,0.813516
410.jpg,0.192897,0.547192,0.259911
411.jpg,0.130154,0.817878,0.051968
412.jpg,0.241721,0.664207,0.094072
413.jpg,0.045359,0.346666,0.607976
414.jpg,0.021310,0.237690,0.741000
415.jpg,0.140737,0.844694,0.014570
416.jpg,0.756279,0.240947,0.002773
417.jpg,0.161650,0.825561,0.012788
418.jpg,0.043837,0.143062,0.813101
419.jpg,0.738538,0.245208,0.016254
420.jpg,0.032160,0.559338,0.408503
421.jpg,0.108888,0.722492,0.168619
422.jpg,0.041235,0.151196,0.807569
423.jpg,0.034973,0.183620,0.781408
424.jpg,0.047896,0.476264,0.475840
425.jpg,0.022199,0.065367,0.912434
426.jpg,0.043930,0.300260,0.655810
427.jpg,0.045389,0.870951,0.083660
428.jpg,0.033426,0.182612,0.783962
429.jpg,0.044135,0.154644,0.801222
430.jpg,0.310861,0.542861,0.146278
431.jpg,0.831217,0.166313,0.002470
432.jpg,0.026949,0.064960,0.908091
433.jpg,0.087692,0.180119,0.732189
434.jpg,0.454704,0.529557,0.015738
435.jpg,0.036574,0.203022,0.760404
436.jpg,0.108839,0.863370,0.027791
437.jpg,0.482866,0.512921,0.004213
438.jpg,0.047086,0.901334,0.051579
439.jpg,0.046621,0.840397,0.112982
440.jpg,0.022130,0.073299,0.904571
441.jpg,0.106494,0.835857,0.057648
442.jpg,0.315176,0.678116,0.006708
443.jpg,0.071382,0.689231,0.239388
444.jpg,0.140502,0.716513,0.142984
445.jpg,0.513839,0.433126,0.053034
446.jpg,0.322557,0.539898,0.137545
447.jpg,0.170468,0.769728,0.059804
448.jpg,0.043348,0.833004,0.123648
449.jpg,0.562875,0.412005,0.025119
450.jpg,0.036856,0.190309,0.772835
451.jpg,0.070973,0.748563,0.180464
452.jpg,0.018699,0.163665,0.817636
453.jpg,0.635718,0.362854,0.001428
454.jpg,0.217710,0.756388,0.025902
455.jpg,0.079865,0.137453,0.782682
456.jpg,0.406814,0.582805,0.010381
457.jpg,0.689429,0.308482,0.002089
458.jpg,0.248753,0.739349,0.011899
459.jpg,0.075704,0.897893,0.026404
460.jpg,0.435281,0.518057,0.046661
461.jpg,0.166763,0.792004,0.041233
462.jpg,0.201416,0.667456,0.131128
463.jpg,0.111918,0.771640,0.116442
464.jpg,0.171865,0.819439,0.008696
465.jpg,0.051002,0.892940,0.056058
466.jpg,0.207127,0.776661,0.016212
467.jpg,0.899192,0.098890,0.001919
468.jpg,0.169763,0.525734,0.304503
469.jpg,0.026296,0.618346,0.355358
470.jpg,0.629547,0.364220,0.006233
471.jpg,0.097631,0.879628,0.022742
472.jpg,0.449297,0.541252,0.009452
473.jpg,0.060581,0.688098,0.251322
474.jpg,0.189076,0.607308,0.203616
475.jpg,0.147267,0.799705,0.053029
476.jpg,0.156386,0.824805,0.018809
477.jpg,0.742479,0.254201,0.003319
478.jpg,0.312077,0.674228,0.013695
479.jpg,0.081715,0.513886,0.404399
480.jpg,0.100753,0.791919,0.107329
481.jpg,0.020429,0.063843,0.915728
482.jpg,0.875250,0.119581,0.005169
483.jpg,0.507653,0.477818,0.014529
484.jpg,0.046787,0.213727,0.739485
485.jpg,0.054992,0.197397,0.747610
486.jpg,0.029716,0.711035,0.259249
487.jpg,0.733928,0.260858,0.005214
488.jpg,0.087900,0.824916,0.087184
489.jpg,0.311352,0.367001,0.321647
490.jpg,0.155762,0.735800,0.108437
491.jpg,0.046099,0.744401,0.209500
492.jpg,0.582437,0.402798,0.014765
493.jpg,0.505636,0.472044,0.022320
494.jpg,0.037142,0.777459,0.185399
495.jpg,0.087850,0.879741,0.032409
496.jpg,0.052483,0.433817,0.513699
497.jpg,0.106550,0.835709,0.057741
498.jpg,0.075580,0.525801,0.398619
499.jpg,0.019832,0.079368,0.900799
500.jpg,0.161153,0.790198,0.048648
501.jpg,0.704682,0.283335,0.011983
502.jpg,0.023347,0.128753,0.847900
503.jpg,0.044472,0.441307,0.514221
504.jpg,0.028737,0.066607,0.904656
505.jpg,0.106731,0.858273,0.034996
506.jpg,0.075075,0.744183,0.180742
507.jpg,0.279830,0.665365,0.054804
508.jpg,0.129559,0.631555,0.238886
509.jpg,0.064344,0.884029,0.051628
510.jpg,0.041758,0.231607,0.726635
511.jpg,0.029696,0.118460,0.851844
10000.jpg,0.165439,0.791853,0.042708
10001.jpg,0.132141,0.793336,0.074523
10002.jpg,0.035430,0.657649,0.306922
10003.jpg,0.944646,0.053478,0.001876
10004.jpg,0.073604,0.898321,0.028075
10005.jpg,0.354308,0.592897,0.052795
10006.jpg,0.057442,0.843628,0.098930
10007.jpg,0.698352,0.297706,0.003941
10008.jpg,0.175646,0.686797,0.137557
10009.jpg,0.121357,0.854869,0.023773
10010.jpg,0.030797,0.079125,0.890077
10011.jpg,0.046948,0.137284,0.815768
10012.jpg,0.106368,0.854040,0.039591
10013.jpg,0.052138,0.234629,0.713233
10014.jpg,0.145015,0.810093,0.044892
10015.jpg,0.108111,0.269913,0.621976
10016.jpg,0.078249,0.697332,0.224419
10017.jpg,0.016305,0.460960,0.522735
10018.jpg,0.155757,0.274197,0.570045
10019.jpg,0.061911,0.892696,0.045393
10020.jpg,0.027687,0.570493,0.401820
10021.jpg,0.082645,0.513784,0.403570
10022.jpg,0.196688,0.555669,0.247643
10023.jpg,0.235332,0.680416,0.084252
10024.jpg,0.026205,0.130935,0.842860
10025.jpg,0.191576,0.794382,0.014041
10026.jpg,0.249287,0.285063,0.465650
10027.jpg,0.059928,0.845757,0.094315
10028.jpg,0.024558,0.406299,0.569143
10029.jpg,0.894344,0.102316,0.003340
10030.jpg,0.078974,0.200197,0.720829
10031.jpg,0.061118,0.261024,0.677858
10032.jpg,0.072979,0.589957,0.337064
10033.jpg,0.147261,0.835796,0.016943
10034.jpg,0.056664,0.872565,0.070771
10035.jpg,0.051444,0.702978,0.245578
10036.jpg,0.382290,0.585209,0.032500
10037.jpg,0.290271,0.672702,0.037027
10038.jpg,0.050233,0.889638,0.060129
10039.jpg,0.932757,0.066577,0.000665
10040.jpg,0.174989,0.177874,0.647137
10041.jpg,0.231610,0.755390,0.013000
10042.jpg,0.059011,0.297642,0.643347
10043.jpg,0.128434,0.827988,0.043578
10044.jpg,0.105508,0.601455,0.293037
10045.jpg,0.421489,0.572655,0.005857
10046.jpg,0.619709,0.359273,0.021018
10047.jpg,0.561229,0.429181,0.009590
10048.jpg,0.125085,0.741946,0.132970
10049.jpg,0.028020,0.605334,0.366646
10050.jpg,0.074615,0.868277,0.057108
10051.jpg,0.027965,0.372246,0.599789
10052.jpg,0.030748,0.278676,0.690576
10053.jpg,0.059462,0.302535,0.638003
10054.jpg,0.033132,0.624786,0.342082
10055.jpg,0.381493,0.326211,0.292297
10056.jpg,0.091497,0.872574,0.035929
10057.jpg,0.137359,0.826241,0.036400
10058.jpg,0.769110,0.230452,0.000438
10059.jpg,0.014938,0.389567,0.595495
10060.jpg,0.223114,0.767496,0.009390
10061.jpg,0.204478,0.771797,0.023725
10062.jpg,0.086920,0.304966,0.608114
10063.jpg,0.097499,0.865828,0.036673
10064.jpg,0.212125,0.774521,0.013353
10065.jpg,0.155944,0.327069,0.516988
10066.jpg,0.021206,0.076053,0.902741
10067.jpg,0.276174,0.691150,0.032675
10068.jpg,0.098869,0.585221,0.315910
10069.jpg,0.765306,0.222015,0.012679
10070.jpg,0.319590,0.674516,0.005894
10071.jpg,0.086517,0.831296,0.082187
10072.jpg,0.025377,0.174376,0.800247
10073.jpg,0.154935,0.814684,0.030381
10074.jpg,0.191636,0.792932,0.015431
10075.jpg,0.209250,0.774293,0.016457
10076.jpg,0.025284,0.100166,0.874551
10077.jpg,0.075391,0.342548,0.582061
10078.jpg,0.821341,0.175976,0.002684
10079.jpg,0.023519,0.075196,0.901286
10080.jpg,0.059024,0.219028,0.721949
10081.jpg,0.363511,0.631539,0.004950
10082.jpg,0.345945,0.635362,0.018694
10083.jpg,0.025539,0.077824,0.896637
10084.jpg,0.186996,0.485535,0.327469
10085.jpg,0.133768,0.842600,0.023632
10086.jpg,0.085467,0.826789,0.087744
10087.jpg,0.088366,0.883032,0.028602
10088.jpg,0.042011,0.102971,0.855018
10089.jpg,0.017062,0.762903,0.220036
10090.jpg,0.247239,0.637369,0.115392
10091.jpg,0.070343,0.776998,0.152660
10092.jpg,0.116250,0.589816,0.293934
10093.jpg,0.114407,0.800285,0.085308
10094.jpg,0.216305,0.581945,0.201749
10095.jpg,0.039656,0.173732,0.786611
10096.jpg,0.711737,0.285063,0.003200
10097.jpg,0.260478,0.587820,0.151702
10098.jpg,0.170152,0.809766,0.020082
10099.jpg,0.163198,0.726008,0.110794
10100.jpg,0.030870,0.342958,0.626172
10101.jpg,0.114462,0.832528,0.053010
10102.jpg,0.069009,0.462131,0.468860
10103.jpg,0.021471,0.053073,0.925456
10104.jpg,0.062426,0.520119,0.417456
10105.jpg,0.031937,0.194707,0.773356
10106.jpg,0.026977,0.106857,0.866166
10107.jpg,0.052671,0.208738,0.738591
10108.jpg,0.082519,0.872558,0.044923
10109.jpg,0.031295,0.589927,0.378778
10110.jpg,0.028584,0.124436,0.846980
10111.jpg,0.093178,0.867555,0.039267
10112.jpg,0.034802,0.242761,0.722437
10113.jpg,0.047406,0.169559,0.783034
10114.jpg,0.540853,0.451333,0.007814
10115.jpg,0.038826,0.136181,0.824993
10116.jpg,0.209901,0.772115,0.017984
10117.jpg,0.678568,0.317124,0.004309
10118.jpg,0.162199,0.822348,0.015454
10119.jpg,0.516162,0.476407,0.007431
10120.jpg,0.524044,0.467298,0.008658
10121.jpg,0.128885,0.515697,0.355418
10122.jpg,0.142866,0.771921,0.085213
10123.jpg,0.398160,0.593069,0.008771
10124.jpg,0.223417,0.770786,0.005797
10125.jpg,0.030509,0.272407,0.697085
10126.jpg,0.057338,0.878170,0.064492
10127.jpg,0.048625,0.442469,0.508906
10128.jpg,0.092098,0.509768,0.398135
10129.jpg,0.038993,0.738204,0.222802
10130.jpg,0.107367,0.813256,0.079377
10131.jpg,0.074163,0.886760,0.039077
10132.jpg,0.249537,0.736183,0.014280
10133.jpg,0.139753,0.823865,0.036382
10134.jpg,0.027575,0.183574,0.788852
10135.jpg,0.041913,0.455176,0.502911
10136.jpg,0.770511,0.217885,0.011604
10137.jpg,0.254459,0.517397,0.228144
10138.jpg,0.066443,0.890535,0.043023
10139.jpg,0.035443,0.534120,0.430437
10140.jpg,0.124383,0.696864,0.178752
10141.jpg,0.271839,0.704358,0.023803
10142.jpg,0.079770,0.874992,0.045238
10143.jpg,0.069357,0.224886,0.705757
10144.jpg,0.090743,0.877874,0.031383
10145.jpg,0.086801,0.211251,0.701948
10146.jpg,0.174579,0.756981,0.068441
10147.jpg,0.051835,0.897467,0.050699
10148.jpg,0.090136,0.166971,0.742893
10149.jpg,0.027419,0.671213,0.301369
10150.jpg,0.085305,0.773138,0.141557
10151.jpg,0.089869,0.520144,0.389987
10152.jpg,0.041985,0.274809,0.683207
10153.jpg,0.044564,0.689694,0.265743
10154.jpg,0.933124,0.065795,0.001081
10155.jpg,0.070069,0.876557,0.053374
10156.jpg,0.380444,0.598861,0.020695
10157.jpg,0.548600,0.449804,0.001596
10158.jpg,0.168535,0.813130,0.018335
10159.jpg,0.877752,0.120264,0.001984
10160.jpg,0.043156,0.860884,0.095959
10161.jpg,0.024725,0.110931,0.864345
10162.jpg,0.898459,0.093907,0.007634
10163.jpg,0.078326,0.763397,0.158276
10164.jpg,0.033630,0.120214,0.846157
10165.jpg,0.021551,0.084056,0.894394
10166.jpg,0.660837,0.329970,0.009192
10167.jpg,0.064681,0.560906,0.374413
10168.jpg,0.071510,0.797623,0.130867
10169.jpg,0.784504,0.211190,0.004305
10170.jpg,0.031863,0.092361,0.875775
10171.jpg,0.693199,0.294325,0.012476
10172.jpg,0.051027,0.345341,0.603632
10173.jpg,0.205916,0.736902,0.057182
10174.jpg,0.027737,0.111058,0.861206
10175.jpg,0.487941,0.492573,0.019486
10176.jpg,0.126004,0.802380,0.071617
10177.jpg,0.086497,0.850553,0.062950
10178.jpg,0.347661,0.604757,0.047582
10179.jpg,0.026305,0.100723,0.872972
10180.jpg,0.202362,0.774958,0.022681
10181.jpg,0.064197,0.237032,0.698770
10182.jpg,0.209733,0.774088,0.016179
10183.jpg,0.024257,0.104224,0.871520
10184.jpg,0.561007,0.436886,0.002108
10185.jpg,0.034815,0.477256,0.487929
10186.jpg,0.734499,0.263545,0.001956
10187.jpg,0.029278,0.118004,0.852718
10188.jpg,0.036478,0.194976,0.768546
10189.jpg,0.056884,0.311885,0.631231
10190.jpg,0.455586,0.542438,0.001976
10191.jpg,0.630888,0.361441,0.007671
10192.jpg,0.036494,0.766143,0.197364
10193.jpg,0.944527,0.054744,0.000729
10194.jpg,0.139125,0.776449,0.084425
10195.jpg,0.038217,0.171986,0.789797
10196.jpg,0.231915,0.733175,0.034910
10197.jpg,0.274959,0.671240,0.053802
10198.jpg,0.279651,0.695122,0.025227
10199.jpg,0.385112,0.602789,0.012098
10200.jpg,0.097816,0.843454,0.058731
10201.jpg,0.072655,0.883711,0.043634
10202.jpg,0.024089,0.399901,0.576010
10203.jpg,0.021290,0.605758,0.372952
10204.jpg,0.053963,0.849633,0.096404
10205.jpg,0.745395,0.248919,0.005686
10206.jpg,0.335962,0.651414,0.012624
10207.jpg,0.373417,0.622124,0.004459
10208.jpg,0.111834,0.794928,0.093238
10209.jpg,0.080356,0.833847,0.085797
10210.jpg,0.053875,0.143591,0.802534
10211.jpg,0.049491,0.902351,0.048158
10212.jpg,0.183365,0.784545,0.032090
10213.jpg,0.503649,0.462184,0.034166
10214.jpg,0.067316,0.880416,0.052267
10215.jpg,0.069173,0.357274,0.573553
10216.jpg,0.141151,0.767879,0.090970
10217.jpg,0.153108,0.813644,0.033248
10218.jpg,0.056096,0.898024,0.045880
10219.jpg,0.943284,0.055497,0.001219
10220.jpg,0.043587,0.167730,0.788684
10221.jpg,0.401980,0.584861,0.013158
10222.jpg,0.032133,0.094402,0.873465
10223.jpg,0.039178,0.212163,0.748659
10224.jpg,0.129676,0.244517,0.625807
10225.jpg,0.075469,0.366925,0.557606
10226.jpg,0.020868,0.056388,0.922744
10227.jpg,0.016145,0.349804,0.634051
10228.jpg,0.265430,0.713480,0.021089
10229.jpg,0.163847,0.779476,0.056677
10230.jpg,0.195534,0.745904,0.058562
10231.jpg,0.110192,0.725277,0.164532
10232.jpg,0.064558,0.437963,0.497479
10233.jpg,0.856849,0.137994,0.005156
10234.jpg,0.163759,0.774730,0.061511
10235.jpg,0.093880,0.802709,0.103411
10236.jpg,0.021619,0.061325,0.917056
10237.jpg,0.025449,0.302983,0.671568
10238.jpg,0.249274,0.741061,0.009665
10239.jpg,0.141409,0.785069,0.073522
10240.jpg,0.035602,0.162024,0.802375
10241.jpg,0.101476,0.751850,0.146675
10242.jpg,0.117167,0.599972,0.282862
10243.jpg,0.729171,0.270393,0.000436
10244.jpg,0.025228,0.138721,0.836051
10245.jpg,0.054763,0.522620,0.422617
10246.jpg,0.068334,0.802509,0.129157
10247.jpg,0.843816,0.148549,0.007634
10248.jpg,0.099298,0.285956,0.614746
10249.jpg,0.167844,0.689386,0.142769
10250.jpg,0.025315,0.480826,0.493860
10251.jpg,0.262706,0.724484,0.012810
10252.jpg,0.026560,0.626890,0.346550
10253.jpg,0.425367,0.569588,0.005045
10254.jpg,0.024426,0.306538,0.669035
10255.jpg,0.069285,0.861599,0.069116
10256.jpg,0.052521,0.824449,0.123030
10257.jpg,0.021684,0.186504,0.791811
10258.jpg,0.106987,0.730813,0.162200
10259.jpg,0.042786,0.235242,0.721972
10260.jpg,0.047175,0.157154,0.795671
10261.jpg,0.210029,0.571425,0.218546
10262.jpg,0.141751,0.839710,0.018539
10263.jpg,0.147537,0.785990,0.066473
10264.jpg,0.097087,0.863698,0.039216
10265.jpg,0.018055,0.445747,0.536197
10266.jpg,0.059107,0.872235,0.068658
10267.jpg,0.103887,0.860780,0.035333
10268.jpg,0.199941,0.748886,0.051173
10269.jpg,0.328924,0.663279,0.007797
10270.jpg,0.901018,0.096954,0.002028
10271.jpg,0.099469,0.875000,0.025531
10272.jpg,0.048709,0.863827,0.087463
10273.jpg,0.042431,0.911947,0.045621
10274.jpg,0.925519,0.073440,0.001042
10275.jpg,0.509421,0.487939,0.002640
10276.jpg,0.097031,0.865124,0.037845
10277.jpg,0.117523,0.471403,0.411074
10278.jpg,0.650322,0.302521,0.047157
10279.jpg,0.023793,0.219624,0.756584
10280.jpg,0.116752,0.828437,0.054812
10281.jpg,0.627316,0.345437,0.027247
10282.jpg,0.142947,0.327224,0.529829
10283.jpg,0.324323,0.669736,0.005941
10284.jpg,0.083217,0.484546,0.432237
10285.jpg,0.026600,0.097860,0.875540
10286.jpg,0.147035,0.445276,0.407689
10287.jpg,0.071338,0.865570,0.063093
10288.jpg,0.065406,0.683239,0.251355
10289.jpg,0.020888,0.246816,0.732296
10290.jpg,0.083954,0.537206,0.378841
10291.jpg,0.071977,0.884642,0.043381
10292.jpg,0.058759,0.725140,0.216101
10293.jpg,0.522182,0.474131,0.003687
10294.jpg,0.259164,0.533586,0.207250
10295.jpg,0.045349,0.844540,0.110111
10296.jpg,0.135431,0.822040,0.042529
10297.jpg,0.591398,0.406157,0.002446
10298.jpg,0.317821,0.632455,0.049724
10299.jpg,0.084384,0.842420,0.073195
10300.jpg,0.496066,0.493057,0.010877
10301.jpg,0.119725,0.308895,0.571380
10302.jpg,0.029749,0.091184,0.879068
10303.jpg,0.182663,0.417360,0.399977
10304.jpg,0.046380,0.428795,0.524824
10305.jpg,0.648629,0.351049,0.000322
10306.jpg,0.178290,0.792746,0.028964
10307.jpg,0.633788,0.347461,0.018752
10308.jpg,0.023092,0.076466,0.900442
10309.jpg,0.057038,0.730680,0.212282
10310.jpg,0.020657,0.149558,0.829785
10311.jpg,0.062972,0.468963,0.468065
10312.jpg,0.086915,0.872730,0.040355
10313.jpg,0.065711,0.381415,0.552873
10314.jpg,0.074063,0.877365,0.048572
10315.jpg,0.051705,0.315327,0.632969
10316.jpg,0.029499,0.565943,0.404558
10317.jpg,0.126550,0.852256,0.021194
10318.jpg,0.070430,0.395987,0.533583
10319.jpg,0.060702,0.896211,0.043087
10320.jpg,0.103658,0.833645,0.062697
10321.jpg,0.175802,0.590002,0.234196
10322.jpg,0.030501,0.139057,0.830442
10323.jpg,0.024467,0.227908,0.747625
10324.jpg,0.043352,0.900291,0.056358
10325.jpg,0.063178,0.145406,0.791416
10326.jpg,0.032640,0.182862,0.784497
10327.jpg,0.198893,0.373783,0.427324
10328.jpg,0.055042,0.890660,0.054298
10329.jpg,0.082588,0.774613,0.142798
10330.jpg,0.021841,0.231234,0.746925
10331.jpg,0.095419,0.875708,0.028873
10332.jpg,0.030365,0.089769,0.879866
10333.jpg,0.023574,0.058093,0.918333
10334.jpg,0.120083,0.821242,0.058675
10335.jpg,0.070608,0.223100,0.706292
10336.jpg,0.499897,0.410145,0.089957
10337.jpg,0.383016,0.597386,0.019599
10338.jpg,0.137772,0.820833,0.041395
10339.jpg,0.622413,0.368659,0.008928
10340.jpg,0.869561,0.127624,0.002815
10341.jpg,0.318820,0.609173,0.072008
10342.jpg,0.151142,0.229086,0.619772
10343.jpg,0.251273,0.394286,0.354441
10344.jpg,0.047023,0.150111,0.802866
10345.jpg,0.015515,0.164601,0.819883
10346.jpg,0.078310,0.601286,0.320404
10347.jpg,0.066719,0.883884,0.049397
10348.jpg,0.031497,0.246833,0.721670
10349.jpg,0.135059,0.839862,0.025079
10350.jpg,0.071734,0.129616,0.798650
10351.jpg,0.068097,0.417669,0.514234
10352.jpg,0.651452,0.338777,0.009771
10353.jpg,0.022164,0.101559,0.876277
10354.jpg,0.082067,0.791886,0.126046
10355.jpg,0.133555,0.788807,0.077639
10356.jpg,0.023882,0.278600,0.697519
10357.jpg,0.682403,0.316606,0.000990
10358.jpg,0.119154,0.571460,0.309386
10359.jpg,0.053188,0.897955,0.048857
10360.jpg,0.260294,0.718977,0.020728
10361.jpg,0.058879,0.704675,0.236446
10362.jpg,0.121958,0.834885,0.043157
10363.jpg,0.117230,0.788186,0.094583
10364.jpg,0.627816,0.369404,0.002781
10365.jpg,0.373914,0.573254,0.052832
10366.jpg,0.032716,0.203027,0.764258
10367.jpg,0.753582,0.240696,0.005722
10368.jpg,0.025125,0.622023,0.352852
10369.jpg,0.259071,0.641556,0.099373
10370.jpg,0.804244,0.192738,0.003018
10371.jpg,0.494897,0.500741,0.004362
10372.jpg,0.047212,0.899867,0.052922
10373.jpg,0.258459,0.397562,0.343980
10374.jpg,0.040712,0.814213,0.145075
10375.jpg,0.073068,0.872618,0.054314
10376.jpg,0.751156,0.240679,0.008165
10377.jpg,0.044736,0.197940,0.757323
10378.jpg,0.024250,0.063720,0.912031
10379.jpg,0.029113,0.127890,0.842997
10380.jpg,0.316178,0.669870,0.013952
10381.jpg,0.024189,0.069714,0.906097
10382.jpg,0.241558,0.690321,0.068121
10383.jpg,0.138908,0.820791,0.040302
10384.jpg,0.788543,0.210572,0.000885
10385.jpg,0.949838,0.049166,0.000996
10386.jpg,0.032340,0.118347,0.849313
10387.jpg,0.056982,0.884666,0.058352
10388.jpg,0.154112,0.816521,0.029367
10389.jpg,0.066771,0.796830,0.136399
10390.jpg,0.095859,0.868421,0.035720
10391.jpg,0.023831,0.127636,0.848533
10392.jpg,0.046964,0.426136,0.526900
10393.jpg,0.032566,0.091559,0.875875
10394.jpg,0.037815,0.167358,0.794827
10395.jpg,0.132185,0.775864,0.091951
10396.jpg,0.747276,0.250246,0.002478
10397.jpg,0.065400,0.616668,0.317933
10398.jpg,0.521602,0.449698,0.028700
10399.jpg,0.037445,0.232620,0.729935
10400.jpg,0.105795,0.858978,0.035228
10401.jpg,0.281804,0.712016,0.006179
10402.jpg,0.810634,0.180328,0.009038
10403.jpg,0.024813,0.110963,0.864224
10404.jpg,0.079748,0.708009,0.212243
10405.jpg,0.866820,0.131369,0.001810
10406.jpg,0.186605,0.795763,0.017631
10407.jpg,0.740160,0.257188,0.002652
10408.jpg,0.652755,0.345556,0.001689
10409.jpg,0.110336,0.846517,0.043147
10410.jpg,0.111438,0.852320,0.036241
10411.jpg,0.077063,0.847566,0.075372
10412.jpg,0.299513,0.608993,0.091494
10413.jpg,0.103701,0.860882,0.035417
10414.jpg,0.041402,0.284172,0.674426
10415.jpg,0.266104,0.724519,0.009377
10416.jpg,0.033686,0.088455,0.877860
10417.jpg,0.250004,0.681155,0.068841
10418.jpg,0.045013,0.811806,0.143181
10419.jpg,0.044045,0.122773,0.833182
10420.jpg,0.596321,0.387870,0.015810
10421.jpg,0.093156,0.884038,0.022806
10422.jpg,0.233651,0.752824,0.013525
10423.jpg,0.123388,0.826378,0.050234
10424.jpg,0.022380,0.069127,0.908492
10425.jpg,0.448799,0.541912,0.009289
10426.jpg,0.136313,0.595575,0.268111
10427.jpg,0.032418,0.726732,0.240850
10428.jpg,0.020743,0.155202,0.824055
10429.jpg,0.175684,0.735359,0.088956
10430.jpg,0.023046,0.275500,0.701454
10431.jpg,0.671258,0.316220,0.012522
10432.jpg,0.029739,0.156973,0.813288
10433.jpg,0.071438,0.855624,0.072938
10434.jpg,0.019685,0.058053,0.922263
10435.jpg,0.028842,0.201613,0.769545
10436.jpg,0.066873,0.844539,0.088588
10437.jpg,0.125159,0.739281,0.135560
10438.jpg,0.033393,0.099567,0.867039
10439.jpg,0.042752,0.172902,0.784346
10440.jpg,0.067360,0.139289,0.793352
10441.jpg,0.067008,0.814241,0.118752
10442.jpg,0.029615,0.487296,0.483089
10443.jpg,0.032982,0.160869,0.806149
10444.jpg,0.098116,0.867906,0.033978
10445.jpg,0.645256,0.172220,0.182524
10446.jpg,0.819114,0.175341,0.005544
10447.jpg,0.064941,0.847891,0.087168
10448.jpg,0.023589,0.116725,0.859686
10449.jpg,0.155517,0.451960,0.392522
10450.jpg,0.086117,0.551367,0.362516
10451.jpg,0.809573,0.175730,0.014697
10452.jpg,0.057451,0.895290,0.047259
10453.jpg,0.321989,0.670165,0.007846
10454.jpg,0.165670,0.795871,0.038459
10455.jpg,0.139825,0.781777,0.078399
10456.jpg,0.098282,0.802116,0.099602
10457.jpg,0.040300,0.381729,0.577971
10458.jpg,0.254598,0.655631,0.089771
10459.jpg,0.021864,0.068176,0.909960
10460.jpg,0.264108,0.725246,0.010645
10461.jpg,0.745107,0.236705,0.018188
10462.jpg,0.032438,0.115939,0.851623
10463.jpg,0.056517,0.897938,0.045545
10464.jpg,0.038375,0.207840,0.753786
10465.jpg,0.021412,0.158369,0.820219
10466.jpg,0.096666,0.423180,0.480154
10467.jpg,0.414042,0.573632,0.012327
10468.jpg,0.192050,0.715088,0.092862
10469.jpg,0.032264,0.093210,0.874526
10470.jpg,0.144402,0.696356,0.159242
10471.jpg,0.054666,0.217682,0.727652
10472.jpg,0.529068,0.462788,0.008144
10473.jpg,0.069487,0.755134,0.175378
10474.jpg,0.049144,0.157917,0.792938
10475.jpg,0.154267,0.791453,0.054280
10476.jpg,0.110130,0.192966,0.696904
10477.jpg,0.023432,0.079854,0.896713
10478.jpg,0.055577,0.116787,0.827635
10479.jpg,0.339550,0.624333,0.036118
10480.jpg,0.048616,0.824453,0.126931
10481.jpg,0.038217,0.064608,0.897175
10482.jpg,0.097006,0.209170,0.693824
10483.jpg,0.058639,0.454012,0.487350
10484.jpg,0.045883,0.742711,0.211406
10485.jpg,0.069854,0.343578,0.586567
10486.jpg,0.530906,0.464335,0.004759
10487.jpg,0.345107,0.474090,0.180803
10488.jpg,0.062151,0.643971,0.293878
10489.jpg,0.110217,0.865590,0.024193
10490.jpg,0.051357,0.901629,0.047014
10491.jpg,0.905221,0.092869,0.001910
10492.jpg,0.077731,0.687333,0.234936
10493.jpg,0.094850,0.830132,0.075019
10494.jpg,0.070004,0.895531,0.034465
10495.jpg,0.521151,0.462180,0.016669
10496.jpg,0.068309,0.208217,0.723474
10497.jpg,0.027161,0.081043,0.891796
10498.jpg,0.024053,0.136442,0.839504
10499.jpg,0.074204,0.611742,0.314054
10500.jpg,0.110621,0.642695,0.246684
10501.jpg,0.145071,0.798486,0.056443
10502.jpg,0.057922,0.300292,0.641786
10503.jpg,0.022815,0.087376,0.889808
10504.jpg,0.087968,0.858757,0.053275
10505.jpg,0.020983,0.063066,0.915951
10506.jpg,0.841932,0.155976,0.002092
10507.jpg,0.042813,0.832577,0.124609
10508.jpg,0.268491,0.678934,0.052575
10509.jpg,0.071921,0.740709,0.187370
10510.jpg,0.030635,0.100888,0.868477
10511.jpg,0.063679,0.145775,0.790546
10512.jpg,0.038517,0.179868,0.781615
10513.jpg,0.242571,0.737930,0.019499
10514.jpg,0.707030,0.269420,0.023550
10515.jpg,0.126755,0.854926,0.018319
10516.jpg,0.038488,0.872757,0.088755
10517.jpg,0.049232,0.249650,0.701118
10518.jpg,0.030916,0.196771,0.772313
10519.jpg,0.066561,0.896222,0.037217
10520.jpg,0.019431,0.374388,0.606181
10521.jpg,0.070226,0.636755,0.293019
10522.jpg,0.085139,0.873434,0.041427
10523.jpg,0.048113,0.628898,0.322989
10524.jpg,0.763003,0.235802,0.001196
10525.jpg,0.030467,0.122861,0.846672
10526.jpg,0.162318,0.764458,0.073224
10527.jpg,0.022254,0.168920,0.808826
10528.jpg,0.108287,0.852496,0.039216
10529.jpg,0.069038,0.881330,0.049632
10530.jpg,0.067388,0.753887,0.178725
10531.jpg,0.018925,0.074537,0.906538
10532.jpg,0.621650,0.348629,0.029721
10533.jpg,0.023492,0.092263,0.884245
10534.jpg,0.254075,0.719298,0.026627
10535.jpg,0.626823,0.363549,0.009628
10536.jpg,0.138347,0.792438,0.069216
10537.jpg,0.695802,0.290359,0.013839
10538.jpg,0.162961,0.783819,0.053220
10539.jpg,0.155505,0.824063,0.020432
10540.jpg,0.029050,0.193870,0.777081
10541.jpg,0.174505,0.750951,0.074544
10542.jpg,0.708412,0.289643,0.001944
10543.jpg,0.764079,0.230947,0.004974
10544.jpg,0.880010,0.115773,0.004217
10545.jpg,0.920950,0.077715,0.001335
10546.jpg,0.210025,0.760346,0.029629
10547.jpg,0.057454,0.865741,0.076806
10548.jpg,0.128130,0.839614,0.032256
10549.jpg,0.054629,0.494725,0.450646
10550.jpg,0.118517,0.768383,0.113100
10551.jpg,0.028499,0.779509,0.191992
10552.jpg,0.084594,0.853250,0.062156
10553.jpg,0.024574,0.072729,0.902697
10554.jpg,0.088465,0.823168,0.088367
10555.jpg,0.059044,0.893119,0.047837
10556.jpg,0.021247,0.171473,0.807281
10557.jpg,0.499886,0.490051,0.010062
10558.jpg,0.033108,0.142158,0.824735
10559.jpg,0.020772,0.085671,0.893557
10560.jpg,0.288071,0.692978,0.018951
10561.jpg,0.023330,0.112090,0.864580
10562.jpg,0.020228,0.072620,0.907152
10563.jpg,0.029644,0.106011,0.864345
10564.jpg,0.300021,0.692889,0.007090
10565.jpg,0.358061,0.563188,0.078751
10566.jpg,0.832970,0.165752,0.001279
10567.jpg,0.112780,0.586757,0.300463
10568.jpg,0.048259,0.137012,0.814729
10569.jpg,0.097819,0.849467,0.052714
10570.jpg,0.126925,0.843889,0.029186
10571.jpg,0.021298,0.055070,0.923632
10572.jpg,0.055555,0.470524,0.473921
10573.jpg,0.049282,0.874924,0.075794
10574.jpg,0.626879,0.312471,0.060650
10575.jpg,0.144390,0.307315,0.548295
10576.jpg,0.055627,0.810732,0.133641
10577.jpg,0.280516,0.699917,0.019568
10578.jpg,0.045098,0.794625,0.160277
10579.jpg,0.049247,0.296798,0.653955
10580.jpg,0.505560,0.480901,0.013539
10581.jpg,0.053824,0.878863,0.067312
10582.jpg,0.370238,0.603607,0.026155
10583.jpg,0.019883,0.067650,0.912468
10584.jpg,0.033477,0.123920,0.842603
10585.jpg,0.027770,0.103668,0.868561
10586.jpg,0.084159,0.814704,0.101137
10587.jpg,0.426957,0.570143,0.002900
10588.jpg,0.094481,0.647305,0.258214
10589.jpg,0.852788,0.146823,0.000389
10590.jpg,0.727700,0.247337,0.024962
10591.jpg,0.038686,0.195359,0.765955
10592.jpg,0.077584,0.786010,0.136407
10593.jpg,0.033844,0.108425,0.857731
10594.jpg,0.587264,0.406842,0.005894
10595.jpg,0.028301,0.065198,0.906501
10596.jpg,0.183204,0.696555,0.120241
10597.jpg,0.080392,0.614769,0.304839
