image_name,Type_1,Type_2,Type_3
0.jpg,0.193626,0.768676,0.037698
1.jpg,0.057937,0.793443,0.148620
2.jpg,0.108677,0.861033,0.030289
3.jpg,0.017109,0.722905,0.259986
4.jpg,0.026720,0.076757,0.896523
5.jpg,0.113314,0.863450,0.023237
6.jpg,0.313592,0.676114,0.010294
7.jpg,0.019054,0.288505,0.692440
8.jpg,0.390290,0.602838,0.006871
9.jpg,0.052777,0.859845,0.087377
10.jpg,0.152851,0.835216,0.011933
11.jpg,0.021338,0.064392,0.914270
12.jpg,0.031963,0.132768,0.835269
13.jpg,0.021967,0.094607,0.883426
14.jpg,0.021783,0.670581,0.307636
15.jpg,0.058341,0.280543,0.661117
16.jpg,0.449834,0.539830,0.010336
17.jpg,0.532134,0.465564,0.002302
18.jpg,0.104737,0.856194,0.039068
19.jpg,0.034673,0.306351,0.658976
20.jpg,0.932684,0.066396,0.000920
21.jpg,0.162647,0.766828,0.070525
22.jpg,0.081291,0.882446,0.036263
23.jpg,0.438896,0.538799,0.022305
24.jpg,0.693719,0.291890,0.014391
25.jpg,0.165762,0.778531,0.055707
26.jpg,0.219885,0.770126,0.009989
27.jpg,0.067775,0.225535,0.706690
28.jpg,0.092125,0.791681,0.116194
29.jpg,0.032433,0.588223,0.379344
30.jpg,0.139500,0.811698,0.048802
31.jpg,0.275435,0.708746,0.015819
32.jpg,0.377783,0.387289,0.234928
33.jpg,0.502200,0.477037,0.020763
34.jpg,0.089547,0.737694,0.172758
35.jpg,0.040067,0.603519,0.356415
36.jpg,0.318520,0.674544,0.006936
37.jpg,0.454997,0.527424,0.017579
38.jpg,0.136072,0.818761,0.045167
39.jpg,0.111453,0.715226,0.173321
40.jpg,0.020459,0.138537,0.841004
41.jpg,0.022447,0.308964,0.668589
42.jpg,0.076745,0.760475,0.162780
43.jpg,0.021749,0.812772,0.165478
44.jpg,0.050827,0.701724,0.247449
45.jpg,0.037141,0.681695,0.281164
46.jpg,0.025915,0.161586,0.812498
47.jpg,0.180049,0.799495,0.020456
48.jpg,0.025186,0.071906,0.902908
49.jpg,0.031359,0.143193,0.825448
50.jpg,0.062294,0.239257,0.698449
51.jpg,0.954072,0.044593,0.001335
52.jpg,0.036981,0.315760,0.647259
53.jpg,0.034156,0.245447,0.720397
54.jpg,0.041662,0.618266,0.340071
55.jpg,0.104849,0.191721,0.703431
56.jpg,0.049533,0.897865,0.052602
57.jpg,0.283735,0.674702,0.041563
58.jpg,0.059862,0.636803,0.303335
59.jpg,0.692924,0.303755,0.003321
60.jpg,0.137844,0.413255,0.448902
61.jpg,0.176582,0.777363,0.046055
62.jpg,0.051786,0.314136,0.634077
63.jpg,0.106419,0.763408,0.130173
64.jpg,0.145598,0.835070,0.019332
65.jpg,0.821004,0.164155,0.014841
66.jpg,0.027473,0.083180,0.889347
67.jpg,0.019970,0.087569,0.892461
68.jpg,0.068413,0.883548,0.048039
69.jpg,0.174625,0.683582,0.141793
70.jpg,0.626088,0.317487,0.056425
71.jpg,0.183841,0.772910,0.043249
72.jpg,0.385051,0.599989,0.014960
73.jpg,0.366415,0.418464,0.215120
74.jpg,0.032765,0.435744,0.531492
75.jpg,0.371334,0.623179,0.005487
76.jpg,0.045271,0.144320,0.810409
77.jpg,0.071454,0.771537,0.157009
78.jpg,0.022816,0.055650,0.921534
79.jpg,0.593477,0.401669,0.004854
80.jpg,0.023543,0.284735,0.691722
81.jpg,0.061701,0.790302,0.147997
82.jpg,0.298439,0.683214,0.018347
83.jpg,0.021490,0.073559,0.904951
84.jpg,0.803941,0.188910,0.007149
85.jpg,0.091846,0.820072,0.088082
86.jpg,0.020115,0.052304,0.927582
87.jpg,0.027000,0.096279,0.876721
88.jpg,0.334261,0.572254,0.093484
89.jpg,0.038754,0.193906,0.767340
90.jpg,0.428141,0.526840,0.045019
91.jpg,0.448619,0.520884,0.030497
92.jpg,0.020357,0.114426,0.865217
93.jpg,0.050476,0.898143,0.051381
94.jpg,0.165874,0.715161,0.118965
95.jpg,0.057838,0.699484,0.242678
96.jpg,0.171530,0.799088,0.029381
97.jpg,0.034439,0.241360,0.724202
98.jpg,0.413309,0.505275,0.081417
99.jpg,0.076150,0.335504,0.588347
100.jpg,0.082201,0.877775,0.040024
101.jpg,0.712652,0.282021,0.005327
102.jpg,0.176659,0.752996,0.070344
103.jpg,0.232024,0.668512,0.099463
104.jpg,0.035855,0.248402,0.715743
105.jpg,0.024578,0.059169,0.916253
106.jpg,0.072758,0.856735,0.070507
107.jpg,0.067985,0.449957,0.482057
108.jpg,0.070205,0.565360,0.364434
109.jpg,0.032941,0.129899,0.837160
110.jpg,0.057658,0.882150,0.060192
111.jpg,0.179898,0.419926,0.400175
112.jpg,0.052521,0.286866,0.660613
113.jpg,0.062332,0.480943,0.456724
114.jpg,0.025779,0.253792,0.720429
115.jpg,0.046512,0.894012,0.059476
116.jpg,0.052300,0.141334,0.806367
117.jpg,0.127633,0.844926,0.027442
118.jpg,0.023309,0.086072,0.890619
119.jpg,0.165964,0.246635,0.587401
120.jpg,0.059980,0.881516,0.058505
121.jpg,0.074106,0.880033,0.045861
122.jpg,0.022999,0.096616,0.880385
123.jpg,0.334834,0.627812,0.037354
124.jpg,0.028111,0.101179,0.870710
125.jpg,0.020759,0.503658,0.475583
126.jpg,0.045178,0.898316,0.056506
127.jpg,0.049735,0.823283,0.126982
128.jpg,0.052708,0.890889,0.056404
129.jpg,0.083038,0.863468,0.053493
130.jpg,0.596694,0.402356,0.000950
131.jpg,0.030214,0.061460,0.908326
132.jpg,0.023788,0.363535,0.612677
133.jpg,0.017705,0.135321,0.846975
134.jpg,0.047342,0.901424,0.051235
135.jpg,0.150773,0.807106,0.042122
136.jpg,0.047445,0.896893,0.055662
137.jpg,0.247201,0.696795,0.056004
138.jpg,0.063554,0.655560,0.280886
139.jpg,0.075342,0.882310,0.042347
140.jpg,0.103952,0.797445,0.098603
141.jpg,0.065446,0.256264,0.678291
142.jpg,0.577036,0.416833,0.006130
143.jpg,0.030399,0.169936,0.799665
144.jpg,0.160370,0.818613,0.021017
145.jpg,0.024429,0.063325,0.912246
146.jpg,0.055548,0.887082,0.057371
147.jpg,0.072083,0.762965,0.164953
148.jpg,0.309014,0.645430,0.045556
149.jpg,0.037424,0.210003,0.752573
150.jpg,0.478604,0.495097,0.026299
151.jpg,0.174757,0.407375,0.417868
152.jpg,0.046948,0.901402,0.051649
153.jpg,0.018388,0.090210,0.891402
154.jpg,0.819109,0.178105,0.002786
155.jpg,0.099275,0.519649,0.381077
156.jpg,0.092128,0.705082,0.202790
157.jpg,0.078170,0.429597,0.492233
158.jpg,0.030660,0.190544,0.778796
159.jpg,0.074531,0.782469,0.143000
160.jpg,0.176181,0.807664,0.016155
161.jpg,0.082579,0.697267,0.220153
162.jpg,0.022772,0.470435,0.506793
163.jpg,0.154306,0.528356,0.317338
164.jpg,0.115765,0.708483,0.175753
165.jpg,0.832185,0.156568,0.011248
166.jpg,0.092515,0.387622,0.519862
167.jpg,0.027755,0.245650,0.726595
168.jpg,0.108975,0.788193,0.102832
169.jpg,0.132323,0.836920,0.030757
170.jpg,0.068092,0.887504,0.044404
171.jpg,0.010886,0.324590,0.664524
172.jpg,0.030390,0.300965,0.668645
173.jpg,0.047297,0.244499,0.708204
174.jpg,0.534574,0.418693,0.046733
175.jpg,0.066801,0.515038,0.418162
176.jpg,0.106448,0.755622,0.137931
177.jpg,0.089086,0.876770,0.034144
178.jpg,0.040798,0.379933,0.579268
179.jpg,0.363659,0.624712,0.011629
180.jpg,0.055007,0.230529,0.714464
181.jpg,0.065812,0.533880,0.400308
182.jpg,0.032971,0.057986,0.909043
183.jpg,0.145594,0.766489,0.087917
184.jpg,0.029094,0.165482,0.805425
185.jpg,0.076151,0.634433,0.289416
186.jpg,0.050292,0.899331,0.050377
187.jpg,0.059193,0.659570,0.281237
188.jpg,0.048791,0.101755,0.849454
189.jpg,0.028770,0.330417,0.640813
190.jpg,0.064196,0.890571,0.045233
191.jpg,0.036625,0.111121,0.852254
192.jpg,0.049511,0.690576,0.259912
193.jpg,0.666675,0.330911,0.002414
194.jpg,0.065695,0.527561,0.406744
195.jpg,0.090882,0.755208,0.153910
196.jpg,0.678869,0.319873,0.001258
197.jpg,0.394130,0.575389,0.030480
198.jpg,0.045735,0.259696,0.694568
199.jpg,0.042000,0.266098,0.691901
200.jpg,0.085811,0.869229,0.044960
201.jpg,0.100416,0.775696,0.123887
202.jpg,0.233957,0.715496,0.050547
203.jpg,0.112288,0.504446,0.383265
204.jpg,0.023869,0.072619,0.903512
205.jpg,0.050542,0.135781,0.813678
206.jpg,0.134270,0.694278,0.171453
207.jpg,0.044425,0.188081,0.767494
208.jpg,0.017880,0.118856,0.863263
209.jpg,0.024383,0.062747,0.912870
210.jpg,0.061900,0.419592,0.518508
211.jpg,0.378116,0.610646,0.011238
212.jpg,0.134198,0.775711,0.090090
213.jpg,0.022981,0.174232,0.802788
214.jpg,0.188946,0.758591,0.052462
215.jpg,0.232722,0.752771,0.014507
216.jpg,0.096275,0.877642,0.026084
217.jpg,0.149351,0.836455,0.014194
218.jpg,0.054924,0.876732,0.068344
219.jpg,0.068863,0.245291,0.685846
220.jpg,0.304569,0.607369,0.088062
221.jpg,0.031787,0.285529,0.682684
222.jpg,0.044917,0.298657,0.656426
223.jpg,0.024470,0.064808,0.910723
224.jpg,0.025505,0.055101,0.919394
225.jpg,0.082980,0.805976,0.111043
226.jpg,0.039588,0.293495,0.666917
227.jpg,0.050604,0.887811,0.061584
228.jpg,0.054341,0.888692,0.056967
229.jpg,0.134184,0.718238,0.147578
230.jpg,0.073118,0.798687,0.128195
231.jpg,0.896998,0.097335,0.005668
232.jpg,0.510596,0.480731,0.008673
233.jpg,0.146385,0.832845,0.020770
234.jpg,0.058818,0.114228,0.826954
235.jpg,0.075651,0.723852,0.200496
236.jpg,0.088114,0.764426,0.147461
237.jpg,0.038846,0.232937,0.728217
238.jpg,0.019451,0.098887,0.881661
239.jpg,0.053555,0.898241,0.048204
240.jpg,0.041183,0.156478,0.802339
241.jpg,0.210929,0.625260,0.163811
242.jpg,0.110574,0.580710,0.308716
243.jpg,0.575923,0.420955,0.003123
244.jpg,0.027998,0.114342,0.857659
245.jpg,0.307063,0.683650,0.009286
246.jpg,0.051018,0.877976,0.071006
247.jpg,0.115042,0.696589,0.188368
248.jpg,0.080778,0.433761,0.485462
249.jpg,0.257405,0.643531,0.099064
250.jpg,0.108432,0.718355,0.173213
251.jpg,0.053383,0.895187,0.051430
252.jpg,0.125130,0.719534,0.155336
253.jpg,0.119585,0.564393,0.316021
254.jpg,0.024637,0.056403,0.918960
255.jpg,0.052516,0.838825,0.108659
256.jpg,0.021972,0.142759,0.835269
257.jpg,0.051741,0.900784,0.047474
258.jpg,0.054459,0.425915,0.519626
259.jpg,0.043701,0.165423,0.790877
260.jpg,0.302246,0.624560,0.073194
261.jpg,0.738235,0.241687,0.020079
262.jpg,0.330518,0.641657,0.027824
263.jpg,0.082173,0.852831,0.064996
264.jpg,0.020140,0.245962,0.733898
265.jpg,0.043053,0.187850,0.769097
266.jpg,0.023080,0.075956,0.900964
267.jpg,0.287832,0.648166,0.064002
268.jpg,0.623451,0.337614,0.038935
269.jpg,0.755619,0.233554,0.010827
270.jpg,0.021121,0.054083,0.924796
271.jpg,0.047806,0.612813,0.339381
272.jpg,0.113835,0.792746,0.093419
273.jpg,0.048234,0.651039,0.300727
274.jpg,0.395138,0.561579,0.043283
275.jpg,0.034668,0.116770,0.848563
276.jpg,0.030198,0.229755,0.740047
277.jpg,0.133542,0.832508,0.033951
278.jpg,0.077301,0.635749,0.286950
279.jpg,0.030706,0.141468,0.827826
280.jpg,0.076392,0.881705,0.041903
281.jpg,0.058330,0.548435,0.393234
282.jpg,0.050709,0.888211,0.061080
283.jpg,0.030305,0.132327,0.837368
284.jpg,0.024058,0.088968,0.886973
285.jpg,0.399621,0.513138,0.087241
286.jpg,0.053957,0.848507,0.097536
287.jpg,0.024120,0.142934,0.832946
288.jpg,0.038500,0.863108,0.098392
289.jpg,0.879515,0.115659,0.004827
290.jpg,0.063239,0.854798,0.081963
291.jpg,0.312905,0.669833,0.017262
292.jpg,0.110672,0.778168,0.111159
293.jpg,0.750670,0.239586,0.009744
294.jpg,0.139625,0.790797,0.069578
295.jpg,0.173529,0.707556,0.118916
296.jpg,0.065462,0.880475,0.054063
297.jpg,0.139528,0.759161,0.101311
298.jpg,0.057624,0.125983,0.816393
299.jpg,0.098978,0.879375,0.021647
300.jpg,0.065171,0.894347,0.040483
301.jpg,0.072717,0.655750,0.271533
302.jpg,0.114468,0.333564,0.551968
303.jpg,0.118484,0.825647,0.055869
304.jpg,0.724919,0.267460,0.007621
305.jpg,0.057728,0.800645,0.141628
306.jpg,0.246643,0.556085,0.197272
307.jpg,0.018531,0.105296,0.876174
308.jpg,0.252056,0.732507,0.015436
309.jpg,0.033313,0.334934,0.631753
310.jpg,0.024901,0.414271,0.560828
311.jpg,0.021765,0.089363,0.888872
312.jpg,0.916809,0.081515,0.001677
313.jpg,0.019469,0.256005,0.724525
314.jpg,0.052806,0.908250,0.038944
315.jpg,0.169084,0.813151,0.017766
316.jpg,0.329859,0.631377,0.038764
317.jpg,0.800448,0.196153,0.003399
318.jpg,0.070352,0.902807,0.026842
319.jpg,0.023326,0.772100,0.204574
320.jpg,0.089933,0.802394,0.107673
321.jpg,0.145405,0.574533,0.280062
322.jpg,0.065216,0.671937,0.262848
323.jpg,0.048670,0.692802,0.258529
324.jpg,0.307149,0.680185,0.012666
325.jpg,0.036685,0.099692,0.863623
326.jpg,0.023383,0.059343,0.917273
327.jpg,0.047513,0.296543,0.655944
328.jpg,0.038202,0.570170,0.391628
329.jpg,0.036686,0.799391,0.163924
330.jpg,0.081883,0.878410,0.039706
331.jpg,0.820569,0.166826,0.012605
332.jpg,0.135144,0.632883,0.231973
333.jpg,0.020946,0.069042,0.910012
334.jpg,0.020284,0.079222,0.900494
335.jpg,0.021950,0.095778,0.882271
336.jpg,0.789706,0.208306,0.001987
337.jpg,0.045940,0.139656,0.814404
338.jpg,0.218804,0.734593,0.046603
339.jpg,0.032754,0.250266,0.716979
340.jpg,0.050400,0.824485,0.125115
341.jpg,0.047816,0.828113,0.124070
342.jpg,0.097118,0.396321,0.506561
343.jpg,0.031302,0.175921,0.792776
344.jpg,0.704179,0.291559,0.004262
345.jpg,0.106777,0.844741,0.048481
346.jpg,0.063870,0.824964,0.111166
347.jpg,0.068018,0.872914,0.059068
348.jpg,0.061049,0.796837,0.142114
349.jpg,0.169155,0.736227,0.094617
350.jpg,0.025087,0.672985,0.301928
351.jpg,0.087427,0.701999,0.210574
352.jpg,0.026077,0.681578,0.292345
353.jpg,0.025056,0.098511,0.876433
354.jpg,0.116291,0.861510,0.022199
355.jpg,0.866776,0.130684,0.002539
356.jpg,0.905833,0.093253,0.000914
357.jpg,0.066864,0.873171,0.059965
358.jpg,0.080800,0.877172,0.042028
359.jpg,0.027973,0.106393,0.865633
360.jpg,0.057390,0.897601,0.045009
361.jpg,0.159060,0.701766,0.139174
362.jpg,0.040412,0.780366,0.179223
363.jpg,0.072040,0.815466,0.112494
364.jpg,0.029075,0.113684,0.857241
365.jpg,0.077043,0.835719,0.087237
366.jpg,0.037582,0.170880,0.791538
367.jpg,0.798181,0.191889,0.009930
368.jpg,0.272299,0.719093,0.008608
369.jpg,0.062097,0.866922,0.070981
370.jpg,0.048332,0.827995,0.123673
371.jpg,0.681343,0.315314,0.003343
372.jpg,0.022458,0.083215,0.894327
373.jpg,0.082166,0.878669,0.039165
374.jpg,0.107597,0.787667,0.104735
375.jpg,0.083061,0.889657,0.027282
376.jpg,0.026654,0.095609,0.877737
377.jpg,0.060891,0.883104,0.056004
378.jpg,0.065397,0.374380,0.560223
379.jpg,0.031360,0.230874,0.737765
380.jpg,0.066812,0.829541,0.103646
381.jpg,0.231753,0.708410,0.059837
382.jpg,0.707403,0.291889,0.000708
383.jpg,0.266187,0.704786,0.029027
384.jpg,0.088876,0.707680,0.203444
385.jpg,0.084328,0.754732,0.160940
386.jpg,0.021433,0.069652,0.908915
387.jpg,0.065338,0.411679,0.522983
388.jpg,0.015290,0.283065,0.701645
389.jpg,0.075203,0.884313,0.040484
390.jpg,0.075552,0.865077,0.059371
391.jpg,0.022515,0.121844,0.855641
392.jpg,0.187203,0.676201,0.136596
393.jpg,0.023214,0.078740,0.898046
394.jpg,0.054825,0.868933,0.076243
395.jpg,0.378740,0.611350,0.009911
396.jpg,0.073885,0.883144,0.042971
397.jpg,0.120506,0.832833,0.046661
398.jpg,0.018386,0.488723,0.492891
399.jpg,0.172030,0.761338,0.066632
400.jpg,0.023763,0.250992,0.725245
401.jpg,0.063291,0.752267,0.184442
402.jpg,0.630701,0.365135,0.004164
403.jpg,0.626221,0.367347,0.006432
404.jpg,0.189659,0.789212,0.021129
405.jpg,0.086683,0.833016,0.080300
406.jpg,0.465355,0.533451,0.001194
407.jpg,0.058148,0.896532,0.045320
408.jpg,0.496613,0.468106,0.035281
409.jpg,0.081121,0.158924,0.759955
410.jpg,0.148360,0.520644,0.330996
411.jpg,0.139380,0.814346,0.046275
412.jpg,0.160120,0.643421,0.196459
413.jpg,0.042490,0.314231,0.643278
414.jpg,0.018931,0.271506,0.709563
415.jpg,0.096868,0.873268,0.029864
416.jpg,0.793619,0.202802,0.003579
417.jpg,0.174284,0.806193,0.019523
418.jpg,0.040153,0.145711,0.814137
419.jpg,0.657627,0.301285,0.041088
420.jpg,0.027156,0.601908,0.370937
421.jpg,0.107360,0.736009,0.156632
422.jpg,0.038396,0.181471,0.780133
423.jpg,0.040874,0.231952,0.727173
424.jpg,0.042429,0.537588,0.419982
425.jpg,0.022146,0.066088,0.911766
426.jpg,0.036007,0.322572,0.641420
427.jpg,0.046383,0.882669,0.070948
428.jpg,0.031907,0.250420,0.717674
429.jpg,0.042647,0.143592,0.813760
430.jpg,0.245705,0.592288,0.162007
431.jpg,0.758613,0.231557,0.009831
432.jpg,0.028232,0.073217,0.898551
433.jpg,0.082405,0.155570,0.762024
434.jpg,0.492821,0.491649,0.015530
435.jpg,0.034559,0.248655,0.716786
436.jpg,0.093935,0.860297,0.045768
437.jpg,0.502911,0.493696,0.003393
438.jpg,0.047431,0.901451,0.051118
439.jpg,0.046985,0.861282,0.091733
440.jpg,0.021647,0.075111,0.903242
441.jpg,0.077736,0.843413,0.078851
442.jpg,0.240889,0.744879,0.014232
443.jpg,0.062937,0.699281,0.237782
444.jpg,0.107386,0.726129,0.166486
445.jpg,0.404791,0.501606,0.093603
446.jpg,0.196019,0.541079,0.262902
447.jpg,0.128821,0.799170,0.072009
448.jpg,0.047498,0.849739,0.102763
449.jpg,0.498812,0.461546,0.039642
450.jpg,0.033491,0.294145,0.672364
451.jpg,0.067628,0.770805,0.161566
452.jpg,0.017982,0.169263,0.812755
453.jpg,0.502710,0.491656,0.005634
454.jpg,0.277758,0.669208,0.053034
455.jpg,0.084104,0.149911,0.765985
456.jpg,0.444955,0.540345,0.014699
457.jpg,0.570204,0.422597,0.007199
458.jpg,0.238778,0.746650,0.014572
459.jpg,0.058651,0.901004,0.040346
460.jpg,0.278536,0.583354,0.138110
461.jpg,0.128885,0.781997,0.089119
462.jpg,0.185415,0.613360,0.201225
463.jpg,0.074635,0.736362,0.189004
464.jpg,0.141457,0.842501,0.016042
465.jpg,0.051089,0.893549,0.055362
466.jpg,0.301503,0.689232,0.009265
467.jpg,0.855923,0.137823,0.006255
468.jpg,0.144455,0.521893,0.333652
469.jpg,0.025215,0.676958,0.297827
470.jpg,0.558430,0.431357,0.010213
471.jpg,0.068755,0.887154,0.044091
472.jpg,0.417437,0.568856,0.013707
473.jpg,0.057393,0.679343,0.263264
474.jpg,0.214959,0.601833,0.183209
475.jpg,0.122563,0.804245,0.073192
476.jpg,0.121389,0.841697,0.036915
477.jpg,0.701379,0.292225,0.006396
478.jpg,0.401454,0.589512,0.009034
479.jpg,0.094226,0.586239,0.319535
480.jpg,0.086612,0.801119,0.112269
481.jpg,0.020349,0.066154,0.913497
482.jpg,0.809156,0.175230,0.015614
483.jpg,0.538788,0.439546,0.021667
484.jpg,0.034196,0.229157,0.736647
485.jpg,0.058616,0.240602,0.700781
486.jpg,0.020509,0.610698,0.368793
487.jpg,0.724852,0.269269,0.005880
488.jpg,0.089172,0.817770,0.093058
489.jpg,0.295512,0.395932,0.308556
490.jpg,0.113280,0.696961,0.189759
491.jpg,0.047264,0.815831,0.136906
492.jpg,0.554185,0.419076,0.026739
493.jpg,0.532054,0.431890,0.036056
494.jpg,0.036799,0.842651,0.120549
495.jpg,0.085010,0.884442,0.030549
496.jpg,0.055397,0.498760,0.445844
497.jpg,0.093592,0.841772,0.064635
498.jpg,0.062902,0.548763,0.388336
499.jpg,0.019265,0.081552,0.899183
500.jpg,0.129667,0.799530,0.070804
501.jpg,0.698861,0.284678,0.016461
502.jpg,0.024044,0.135774,0.840182
503.jpg,0.036901,0.416268,0.546831
504.jpg,0.029364,0.069900,0.900736
505.jpg,0.086697,0.869352,0.043951
506.jpg,0.058151,0.733379,0.208471
507.jpg,0.235481,0.670998,0.093521
508.jpg,0.099525,0.647790,0.252685
509.jpg,0.059832,0.881011,0.059157
510.jpg,0.040003,0.246695,0.713302
511.jpg,0.029955,0.135130,0.834915
10000.jpg,0.107945,0.820081,0.071974
10001.jpg,0.077443,0.793596,0.128960
10002.jpg,0.033920,0.732934,0.233146
10003.jpg,0.944859,0.053122,0.002019
10004.jpg,0.052879,0.901752,0.045370
10005.jpg,0.260352,0.629117,0.110531
10006.jpg,0.056811,0.842142,0.101047
10007.jpg,0.761612,0.233945,0.004444
10008.jpg,0.135296,0.681824,0.182880
10009.jpg,0.121369,0.846277,0.032354
10010.jpg,0.029163,0.081958,0.888879
10011.jpg,0.052461,0.134487,0.813052
10012.jpg,0.099380,0.859064,0.041556
10013.jpg,0.042513,0.223721,0.733767
10014.jpg,0.171209,0.791386,0.037405
10015.jpg,0.092616,0.230750,0.676634
10016.jpg,0.077092,0.646858,0.276050
10017.jpg,0.016243,0.276134,0.707623
10018.jpg,0.100202,0.270919,0.628879
10019.jpg,0.060267,0.891960,0.047773
10020.jpg,0.032004,0.550947,0.417049
10021.jpg,0.070809,0.507851,0.421340
10022.jpg,0.163739,0.532962,0.303299
10023.jpg,0.263156,0.630862,0.105982
10024.jpg,0.025072,0.157524,0.817404
10025.jpg,0.153290,0.825745,0.020965
10026.jpg,0.137203,0.218453,0.644344
10027.jpg,0.064901,0.845359,0.089740
10028.jpg,0.025366,0.371548,0.603086
10029.jpg,0.874005,0.115776,0.010219
10030.jpg,0.077279,0.245909,0.676812
10031.jpg,0.041475,0.266098,0.692427
10032.jpg,0.081358,0.616174,0.302468
10033.jpg,0.100729,0.861198,0.038073
10034.jpg,0.053730,0.865906,0.080364
10035.jpg,0.025641,0.585431,0.388928
10036.jpg,0.349932,0.601385,0.048684
10037.jpg,0.257368,0.656170,0.086461
10038.jpg,0.046766,0.899961,0.053273
10039.jpg,0.926783,0.072405,0.000812
10040.jpg,0.117223,0.148400,0.734377
10041.jpg,0.178078,0.798633,0.023289
10042.jpg,0.051531,0.293579,0.654890
10043.jpg,0.113603,0.825180,0.061217
10044.jpg,0.081168,0.498862,0.419970
10045.jpg,0.296423,0.683480,0.020096
10046.jpg,0.618681,0.357359,0.023959
10047.jpg,0.541784,0.435437,0.022779
10048.jpg,0.101827,0.783033,0.115140
10049.jpg,0.033904,0.563572,0.402525
10050.jpg,0.061772,0.877212,0.061016
10051.jpg,0.025346,0.345035,0.629619
10052.jpg,0.025029,0.380291,0.594679
10053.jpg,0.049648,0.290179,0.660173
10054.jpg,0.027309,0.715728,0.256963
10055.jpg,0.404733,0.295660,0.299607
10056.jpg,0.061106,0.885213,0.053681
10057.jpg,0.109579,0.837643,0.052778
10058.jpg,0.649364,0.348669,0.001967
10059.jpg,0.014983,0.395067,0.589950
10060.jpg,0.153391,0.828237,0.018372
10061.jpg,0.201552,0.770130,0.028318
10062.jpg,0.098773,0.251673,0.649554
10063.jpg,0.090918,0.868049,0.041034
10064.jpg,0.183661,0.797116,0.019223
10065.jpg,0.131833,0.366405,0.501761
10066.jpg,0.020704,0.074351,0.904945
10067.jpg,0.352494,0.620457,0.027049
10068.jpg,0.098284,0.706200,0.195516
10069.jpg,0.763236,0.217858,0.018907
10070.jpg,0.225977,0.762853,0.011171
10071.jpg,0.094531,0.828770,0.076699
10072.jpg,0.024621,0.153810,0.821569
10073.jpg,0.179498,0.790288,0.030214
10074.jpg,0.112140,0.842702,0.045158
10075.jpg,0.208641,0.775001,0.016358
10076.jpg,0.024241,0.095408,0.880350
10077.jpg,0.060648,0.271907,0.667444
10078.jpg,0.736725,0.256446,0.006828
10079.jpg,0.024711,0.095712,0.879577
10080.jpg,0.042305,0.189517,0.768178
10081.jpg,0.374767,0.618533,0.006701
10082.jpg,0.229742,0.695025,0.075232
10083.jpg,0.028280,0.072636,0.899084
10084.jpg,0.258815,0.563282,0.177903
10085.jpg,0.076080,0.849523,0.074397
10086.jpg,0.071239,0.818779,0.109982
10087.jpg,0.060630,0.885658,0.053712
10088.jpg,0.045826,0.119692,0.834481
10089.jpg,0.016290,0.809278,0.174432
10090.jpg,0.219219,0.600802,0.179979
10091.jpg,0.069073,0.776616,0.154311
10092.jpg,0.101021,0.567540,0.331439
10093.jpg,0.087909,0.812018,0.100073
10094.jpg,0.202127,0.530528,0.267346
10095.jpg,0.033677,0.082837,0.883486
10096.jpg,0.700368,0.292813,0.006820
10097.jpg,0.200887,0.540771,0.258342
10098.jpg,0.131198,0.832438,0.036364
10099.jpg,0.141034,0.715225,0.143741
10100.jpg,0.029556,0.368058,0.602386
10101.jpg,0.151776,0.793386,0.054838
10102.jpg,0.075220,0.484390,0.440389
10103.jpg,0.021313,0.051488,0.927199
10104.jpg,0.063165,0.525730,0.411105
10105.jpg,0.031788,0.244586,0.723626
10106.jpg,0.026948,0.120526,0.852526
10107.jpg,0.057725,0.159881,0.782394
10108.jpg,0.070294,0.876280,0.053427
10109.jpg,0.025195,0.561605,0.413199
10110.jpg,0.027960,0.124590,0.847450
10111.jpg,0.083885,0.873802,0.042313
10112.jpg,0.029585,0.234211,0.736203
10113.jpg,0.048509,0.165263,0.786228
10114.jpg,0.470840,0.513477,0.015684
10115.jpg,0.034713,0.133993,0.831294
10116.jpg,0.163138,0.812090,0.024772
10117.jpg,0.529823,0.458188,0.011990
10118.jpg,0.133336,0.843593,0.023071
10119.jpg,0.499242,0.488735,0.012023
10120.jpg,0.682256,0.312000,0.005744
10121.jpg,0.076499,0.505056,0.418445
10122.jpg,0.155232,0.732530,0.112239
10123.jpg,0.380165,0.605079,0.014756
10124.jpg,0.125928,0.854664,0.019409
10125.jpg,0.030284,0.351489,0.618227
10126.jpg,0.054867,0.888372,0.056761
10127.jpg,0.056448,0.493364,0.450188
10128.jpg,0.080342,0.604645,0.315013
10129.jpg,0.043431,0.739484,0.217084
10130.jpg,0.103757,0.806324,0.089919
10131.jpg,0.055094,0.887253,0.057653
10132.jpg,0.219460,0.758455,0.022085
10133.jpg,0.100947,0.839905,0.059148
10134.jpg,0.025481,0.210251,0.764269
10135.jpg,0.048807,0.519001,0.432192
10136.jpg,0.806627,0.184835,0.008538
10137.jpg,0.292114,0.452950,0.254936
10138.jpg,0.065215,0.890052,0.044733
10139.jpg,0.033565,0.519901,0.446533
10140.jpg,0.112388,0.620442,0.267169
10141.jpg,0.351520,0.633658,0.014822
10142.jpg,0.070691,0.879915,0.049393
10143.jpg,0.069124,0.285141,0.645735
10144.jpg,0.092379,0.867329,0.040292
10145.jpg,0.087870,0.246091,0.666039
10146.jpg,0.157914,0.725998,0.116088
10147.jpg,0.044396,0.896382,0.059223
10148.jpg,0.087011,0.175331,0.737658
10149.jpg,0.022947,0.619386,0.357667
10150.jpg,0.090700,0.774164,0.135136
10151.jpg,0.068849,0.425379,0.505772
10152.jpg,0.034396,0.202540,0.763064
10153.jpg,0.034741,0.632669,0.332590
10154.jpg,0.917789,0.080230,0.001981
10155.jpg,0.067452,0.873735,0.058813
10156.jpg,0.324662,0.637413,0.037924
10157.jpg,0.421111,0.572887,0.006002
10158.jpg,0.129060,0.836909,0.034031
10159.jpg,0.875270,0.120795,0.003935
10160.jpg,0.039517,0.869267,0.091217
10161.jpg,0.022863,0.096148,0.880989
10162.jpg,0.901809,0.090464,0.007726
10163.jpg,0.061796,0.760285,0.177919
10164.jpg,0.043961,0.172033,0.784007
10165.jpg,0.020356,0.076177,0.903467
10166.jpg,0.716496,0.277045,0.006458
10167.jpg,0.073915,0.437591,0.488494
10168.jpg,0.057794,0.834153,0.108053
10169.jpg,0.785768,0.208165,0.006067
10170.jpg,0.036118,0.103675,0.860207
10171.jpg,0.654988,0.312810,0.032202
10172.jpg,0.042255,0.309499,0.648246
10173.jpg,0.143432,0.729756,0.126812
10174.jpg,0.030581,0.129466,0.839953
10175.jpg,0.479389,0.486142,0.034469
10176.jpg,0.112082,0.764556,0.123362
10177.jpg,0.074893,0.852246,0.072861
10178.jpg,0.256202,0.689271,0.054527
10179.jpg,0.025235,0.117537,0.857228
10180.jpg,0.171376,0.786288,0.042336
10181.jpg,0.041605,0.191851,0.766544
10182.jpg,0.163510,0.804032,0.032459
10183.jpg,0.023213,0.093246,0.883541
10184.jpg,0.463907,0.530728,0.005366
10185.jpg,0.031721,0.440740,0.527539
10186.jpg,0.523119,0.463288,0.013593
10187.jpg,0.029369,0.141223,0.829408
10188.jpg,0.034473,0.258067,0.707460
10189.jpg,0.055432,0.331458,0.613111
10190.jpg,0.390863,0.605005,0.004132
10191.jpg,0.551720,0.430611,0.017669
10192.jpg,0.041951,0.787519,0.170531
10193.jpg,0.949433,0.049741,0.000826
10194.jpg,0.139818,0.762170,0.098012
10195.jpg,0.040671,0.203672,0.755656
10196.jpg,0.190274,0.763968,0.045758
10197.jpg,0.236492,0.651628,0.111880
10198.jpg,0.226618,0.732297,0.041085
10199.jpg,0.301319,0.679310,0.019371
10200.jpg,0.090051,0.826871,0.083078
10201.jpg,0.062780,0.884348,0.052872
10202.jpg,0.021280,0.271736,0.706984
10203.jpg,0.019998,0.624711,0.355291
10204.jpg,0.052537,0.875693,0.071769
10205.jpg,0.605579,0.379318,0.015104
10206.jpg,0.251771,0.712985,0.035244
10207.jpg,0.287590,0.701948,0.010462
10208.jpg,0.094858,0.790764,0.114378
10209.jpg,0.064063,0.857711,0.078225
10210.jpg,0.056648,0.248401,0.694951
10211.jpg,0.049055,0.902069,0.048876
10212.jpg,0.150776,0.789137,0.060087
10213.jpg,0.489101,0.455842,0.055056
10214.jpg,0.058104,0.884750,0.057147
10215.jpg,0.059297,0.330862,0.609842
10216.jpg,0.120687,0.749697,0.129616
10217.jpg,0.187797,0.780457,0.031746
10218.jpg,0.053256,0.898364,0.048380
10219.jpg,0.918417,0.077858,0.003726
10220.jpg,0.039117,0.163857,0.797026
10221.jpg,0.306775,0.657662,0.035563
10222.jpg,0.031761,0.073206,0.895033
10223.jpg,0.038402,0.264393,0.697205
10224.jpg,0.121484,0.314063,0.564453
10225.jpg,0.068826,0.423524,0.507650
10226.jpg,0.020660,0.051659,0.927681
10227.jpg,0.016507,0.309773,0.673720
10228.jpg,0.304309,0.673974,0.021717
10229.jpg,0.131215,0.752294,0.116490
10230.jpg,0.203503,0.728547,0.067950
10231.jpg,0.112254,0.758956,0.128790
10232.jpg,0.051346,0.443752,0.504902
10233.jpg,0.871434,0.123382,0.005185
10234.jpg,0.113065,0.801108,0.085827
10235.jpg,0.091198,0.792417,0.116385
10236.jpg,0.021648,0.059146,0.919205
10237.jpg,0.025287,0.373014,0.601699
10238.jpg,0.190701,0.793023,0.016275
10239.jpg,0.131888,0.773439,0.094673
10240.jpg,0.038093,0.160579,0.801329
10241.jpg,0.090331,0.705997,0.203672
10242.jpg,0.110116,0.618454,0.271430
10243.jpg,0.667448,0.331665,0.000887
10244.jpg,0.028329,0.102435,0.869236
10245.jpg,0.055985,0.497699,0.446316
10246.jpg,0.054932,0.776217,0.168851
10247.jpg,0.854876,0.137856,0.007268
10248.jpg,0.094758,0.341002,0.564240
10249.jpg,0.139807,0.668533,0.191661
10250.jpg,0.023015,0.450954,0.526031
10251.jpg,0.223820,0.752072,0.024107
10252.jpg,0.023008,0.586365,0.390628
10253.jpg,0.403071,0.586441,0.010487
10254.jpg,0.021644,0.271803,0.706553
10255.jpg,0.060204,0.874286,0.065510
10256.jpg,0.052422,0.797486,0.150092
10257.jpg,0.022247,0.221836,0.755917
10258.jpg,0.069042,0.820810,0.110148
10259.jpg,0.029321,0.210059,0.760620
10260.jpg,0.044874,0.188157,0.766969
10261.jpg,0.198577,0.513390,0.288033
10262.jpg,0.156221,0.821529,0.022250
10263.jpg,0.164971,0.796785,0.038244
10264.jpg,0.095139,0.862852,0.042009
10265.jpg,0.018385,0.441773,0.539842
10266.jpg,0.054985,0.873400,0.071616
10267.jpg,0.078494,0.869824,0.051682
10268.jpg,0.185642,0.753008,0.061350
10269.jpg,0.290792,0.696382,0.012826
10270.jpg,0.880758,0.115965,0.003277
10271.jpg,0.075105,0.881127,0.043768
10272.jpg,0.049112,0.861944,0.088944
10273.jpg,0.034521,0.903911,0.061568
10274.jpg,0.904497,0.093545,0.001957
10275.jpg,0.401240,0.589918,0.008842
10276.jpg,0.089519,0.866198,0.044283
10277.jpg,0.091475,0.482374,0.426150
10278.jpg,0.687881,0.248293,0.063826
10279.jpg,0.025548,0.301894,0.672558
10280.jpg,0.083431,0.804760,0.111809
10281.jpg,0.602779,0.342182,0.055039
10282.jpg,0.140055,0.409570,0.450376
10283.jpg,0.248785,0.738447,0.012767
10284.jpg,0.063231,0.404569,0.532200
10285.jpg,0.026180,0.090071,0.883749
10286.jpg,0.112766,0.390718,0.496517
10287.jpg,0.063533,0.873018,0.063449
10288.jpg,0.064604,0.671850,0.263546
10289.jpg,0.019068,0.272081,0.708851
10290.jpg,0.059625,0.551654,0.388721
10291.jpg,0.063037,0.886885,0.050078
10292.jpg,0.032842,0.584686,0.382472
10293.jpg,0.484059,0.509326,0.006615
10294.jpg,0.198030,0.466403,0.335568
10295.jpg,0.043759,0.832408,0.123833
10296.jpg,0.128527,0.822273,0.049200
10297.jpg,0.580569,0.414778,0.004653
10298.jpg,0.285567,0.607448,0.106985
10299.jpg,0.071329,0.846323,0.082348
10300.jpg,0.347610,0.614855,0.037535
10301.jpg,0.241700,0.505926,0.252374
10302.jpg,0.029005,0.093876,0.877119
10303.jpg,0.131897,0.352767,0.515336
10304.jpg,0.053488,0.450264,0.496248
10305.jpg,0.490974,0.507345,0.001680
10306.jpg,0.115444,0.828376,0.056180
10307.jpg,0.625556,0.339258,0.035185
10308.jpg,0.023564,0.076404,0.900033
10309.jpg,0.033342,0.628998,0.337660
10310.jpg,0.019857,0.160888,0.819255
10311.jpg,0.068160,0.447551,0.484289
10312.jpg,0.072517,0.878365,0.049118
10313.jpg,0.068741,0.398477,0.532783
10314.jpg,0.060192,0.878678,0.061130
10315.jpg,0.076076,0.288064,0.635860
10316.jpg,0.025145,0.601156,0.373699
10317.jpg,0.108399,0.865647,0.025955
10318.jpg,0.073678,0.453165,0.473157
10319.jpg,0.052875,0.895975,0.051150
10320.jpg,0.097041,0.778334,0.124625
10321.jpg,0.195020,0.580080,0.224899
10322.jpg,0.034902,0.175768,0.789330
10323.jpg,0.023271,0.259123,0.717606
10324.jpg,0.033173,0.894362,0.072465
10325.jpg,0.048093,0.147380,0.804527
10326.jpg,0.034805,0.148905,0.816290
10327.jpg,0.152837,0.338377,0.508786
10328.jpg,0.042869,0.892150,0.064981
10329.jpg,0.073213,0.758394,0.168393
10330.jpg,0.023925,0.285806,0.690269
10331.jpg,0.081796,0.883458,0.034746
10332.jpg,0.031296,0.079511,0.889192
10333.jpg,0.023447,0.056328,0.920225
10334.jpg,0.100615,0.823340,0.076045
10335.jpg,0.098763,0.305443,0.595794
10336.jpg,0.561594,0.344821,0.093586
10337.jpg,0.216878,0.724569,0.058554
10338.jpg,0.160384,0.794250,0.045365
10339.jpg,0.671338,0.319616,0.009046
10340.jpg,0.829855,0.164510,0.005635
10341.jpg,0.385639,0.522209,0.092152
10342.jpg,0.111003,0.189419,0.699579
10343.jpg,0.271359,0.470956,0.257685
10344.jpg,0.041867,0.168782,0.789352
10345.jpg,0.015247,0.185741,0.799012
10346.jpg,0.072439,0.596375,0.331186
10347.jpg,0.062680,0.886508,0.050812
10348.jpg,0.025120,0.232180,0.742700
10349.jpg,0.091178,0.865891,0.042931
10350.jpg,0.065966,0.114005,0.820029
10351.jpg,0.055588,0.515185,0.429228
10352.jpg,0.600049,0.386581,0.013370
10353.jpg,0.022083,0.109928,0.867989
10354.jpg,0.080457,0.777391,0.142153
10355.jpg,0.121536,0.771999,0.106465
10356.jpg,0.020409,0.420446,0.559145
10357.jpg,0.644860,0.353554,0.001586
10358.jpg,0.135514,0.494155,0.370331
10359.jpg,0.048939,0.896529,0.054532
10360.jpg,0.167003,0.792773,0.040224
10361.jpg,0.052970,0.647756,0.299274
10362.jpg,0.100451,0.841818,0.057731
10363.jpg,0.083948,0.803305,0.112747
10364.jpg,0.638164,0.357277,0.004559
10365.jpg,0.274795,0.574240,0.150965
10366.jpg,0.029631,0.145671,0.824698
10367.jpg,0.652309,0.308408,0.039283
10368.jpg,0.024913,0.662784,0.312303
10369.jpg,0.158819,0.663193,0.177987
10370.jpg,0.702200,0.286342,0.011458
10371.jpg,0.481072,0.512612,0.006315
10372.jpg,0.047759,0.899903,0.052337
10373.jpg,0.232960,0.355264,0.411776
10374.jpg,0.029003,0.723407,0.247590
10375.jpg,0.055830,0.879741,0.064428
10376.jpg,0.709534,0.271198,0.019268
10377.jpg,0.043280,0.168490,0.788230
10378.jpg,0.024614,0.061409,0.913978
10379.jpg,0.029650,0.138646,0.831704
10380.jpg,0.251407,0.723028,0.025564
10381.jpg,0.024747,0.082201,0.893052
10382.jpg,0.301411,0.614008,0.084581
10383.jpg,0.108306,0.833959,0.057735
10384.jpg,0.767822,0.231140,0.001038
10385.jpg,0.940190,0.057815,0.001996
10386.jpg,0.029474,0.113249,0.857277
10387.jpg,0.054386,0.891029,0.054585
10388.jpg,0.141469,0.799156,0.059375
10389.jpg,0.044461,0.809042,0.146496
10390.jpg,0.061847,0.886639,0.051514
10391.jpg,0.022291,0.114536,0.863173
10392.jpg,0.047333,0.414512,0.538155
10393.jpg,0.033055,0.091799,0.875146
10394.jpg,0.036723,0.175282,0.787995
10395.jpg,0.100240,0.767616,0.132143
10396.jpg,0.775211,0.221856,0.002933
10397.jpg,0.081065,0.749219,0.169716
10398.jpg,0.469289,0.462867,0.067844
10399.jpg,0.036161,0.220218,0.743621
10400.jpg,0.091290,0.864509,0.044201
10401.jpg,0.153611,0.829294,0.017095
10402.jpg,0.764140,0.212042,0.023817
10403.jpg,0.024289,0.122409,0.853302
10404.jpg,0.053028,0.494484,0.452487
10405.jpg,0.862127,0.134580,0.003292
10406.jpg,0.136892,0.822674,0.040434
10407.jpg,0.719177,0.275286,0.005537
10408.jpg,0.517265,0.478025,0.004710
10409.jpg,0.087598,0.839353,0.073049
10410.jpg,0.101551,0.863338,0.035111
10411.jpg,0.069639,0.842420,0.087940
10412.jpg,0.304336,0.612223,0.083441
10413.jpg,0.092675,0.870829,0.036496
10414.jpg,0.038377,0.311710,0.649912
10415.jpg,0.222924,0.761930,0.015146
10416.jpg,0.031406,0.088160,0.880435
10417.jpg,0.205441,0.653755,0.140804
10418.jpg,0.044440,0.851774,0.103786
10419.jpg,0.045788,0.172214,0.781998
10420.jpg,0.584498,0.395604,0.019898
10421.jpg,0.071954,0.892555,0.035491
10422.jpg,0.127968,0.838420,0.033612
10423.jpg,0.095583,0.833836,0.070581
10424.jpg,0.021973,0.066261,0.911767
10425.jpg,0.426701,0.557676,0.015622
10426.jpg,0.130528,0.643030,0.226441
10427.jpg,0.027803,0.721580,0.250616
10428.jpg,0.019389,0.181850,0.798761
10429.jpg,0.152966,0.728696,0.118338
10430.jpg,0.022496,0.285002,0.692503
10431.jpg,0.711177,0.275055,0.013767
10432.jpg,0.031621,0.176943,0.791436
10433.jpg,0.070557,0.860038,0.069405
10434.jpg,0.019967,0.053851,0.926182
10435.jpg,0.029822,0.344247,0.625931
10436.jpg,0.063640,0.843380,0.092980
10437.jpg,0.112634,0.750048,0.137318
10438.jpg,0.033682,0.113424,0.852895
10439.jpg,0.039125,0.205111,0.755764
10440.jpg,0.074006,0.174166,0.751828
10441.jpg,0.049987,0.751059,0.198955
10442.jpg,0.022893,0.388893,0.588215
10443.jpg,0.034017,0.218426,0.747557
10444.jpg,0.083288,0.854971,0.061741
10445.jpg,0.422777,0.142402,0.434820
10446.jpg,0.746047,0.238197,0.015756
10447.jpg,0.057056,0.869194,0.073750
10448.jpg,0.021951,0.148200,0.829850
10449.jpg,0.159363,0.494279,0.346358
10450.jpg,0.055981,0.449439,0.494580
10451.jpg,0.753573,0.223278,0.023150
10452.jpg,0.038962,0.887189,0.073850
10453.jpg,0.348802,0.642746,0.008452
10454.jpg,0.132745,0.796394,0.070861
10455.jpg,0.125555,0.792122,0.082323
10456.jpg,0.080027,0.774594,0.145378
10457.jpg,0.034416,0.351485,0.614100
10458.jpg,0.179838,0.649520,0.170642
10459.jpg,0.021499,0.059487,0.919014
10460.jpg,0.213774,0.764387,0.021839
10461.jpg,0.775542,0.208948,0.015510
10462.jpg,0.033926,0.179868,0.786206
10463.jpg,0.054859,0.898769,0.046372
10464.jpg,0.037036,0.190442,0.772522
10465.jpg,0.021575,0.129997,0.848428
10466.jpg,0.083401,0.473301,0.443298
10467.jpg,0.434559,0.546746,0.018695
10468.jpg,0.151289,0.711717,0.136995
10469.jpg,0.029626,0.088717,0.881657
10470.jpg,0.126858,0.639321,0.233821
10471.jpg,0.058696,0.208790,0.732514
10472.jpg,0.477179,0.508538,0.014283
10473.jpg,0.078149,0.719120,0.202731
10474.jpg,0.046664,0.229680,0.723656
10475.jpg,0.129846,0.804937,0.065217
10476.jpg,0.114543,0.183848,0.701609
10477.jpg,0.023119,0.079672,0.897209
10478.jpg,0.046129,0.120530,0.833342
10479.jpg,0.260139,0.656443,0.083418
10480.jpg,0.050733,0.841661,0.107606
10481.jpg,0.039832,0.062191,0.897977
10482.jpg,0.098362,0.281952,0.619686
10483.jpg,0.051394,0.340464,0.608142
10484.jpg,0.046603,0.780770,0.172627
10485.jpg,0.116875,0.420378,0.462747
10486.jpg,0.556196,0.438623,0.005181
10487.jpg,0.407555,0.515588,0.076857
10488.jpg,0.054302,0.684954,0.260744
10489.jpg,0.079911,0.883135,0.036954
10490.jpg,0.049283,0.899413,0.051304
10491.jpg,0.908141,0.089530,0.002329
10492.jpg,0.079977,0.676928,0.243095
10493.jpg,0.082895,0.827837,0.089268
10494.jpg,0.060252,0.896443,0.043305
10495.jpg,0.375901,0.582605,0.041494
10496.jpg,0.071607,0.289013,0.639380
10497.jpg,0.026402,0.082495,0.891103
10498.jpg,0.022571,0.179197,0.798232
10499.jpg,0.062388,0.584737,0.352875
10500.jpg,0.090435,0.672506,0.237059
10501.jpg,0.153331,0.776460,0.070208
10502.jpg,0.059496,0.367657,0.572848
10503.jpg,0.021848,0.086776,0.891376
10504.jpg,0.078373,0.847126,0.074501
10505.jpg,0.021223,0.067965,0.910812
10506.jpg,0.790258,0.205442,0.004300
10507.jpg,0.043929,0.838159,0.117913
10508.jpg,0.199569,0.674851,0.125580
10509.jpg,0.068931,0.715481,0.215588
10510.jpg,0.029618,0.094172,0.876209
10511.jpg,0.059594,0.114772,0.825634
10512.jpg,0.034007,0.183577,0.782416
10513.jpg,0.176547,0.781821,0.041632
10514.jpg,0.663246,0.290731,0.046023
10515.jpg,0.097401,0.870300,0.032299
10516.jpg,0.041047,0.878420,0.080534
10517.jpg,0.053025,0.248859,0.698117
10518.jpg,0.031331,0.182460,0.786209
10519.jpg,0.055179,0.895187,0.049634
10520.jpg,0.018307,0.397553,0.584139
10521.jpg,0.056064,0.686915,0.257020
10522.jpg,0.072542,0.874594,0.052864
10523.jpg,0.042203,0.631185,0.326612
10524.jpg,0.732454,0.265508,0.002039
10525.jpg,0.031639,0.135534,0.832827
10526.jpg,0.145714,0.765944,0.088342
10527.jpg,0.021642,0.134950,0.843409
10528.jpg,0.112160,0.853641,0.034199
10529.jpg,0.058724,0.888249,0.053027
10530.jpg,0.062858,0.726982,0.210161
10531.jpg,0.018728,0.070656,0.910617
10532.jpg,0.705065,0.277286,0.017649
10533.jpg,0.021476,0.088490,0.890034
10534.jpg,0.203730,0.753486,0.042784
10535.jpg,0.583537,0.396256,0.020207
10536.jpg,0.129492,0.810294,0.060214
10537.jpg,0.678033,0.302955,0.019012
10538.jpg,0.145548,0.770183,0.084268
10539.jpg,0.088458,0.854852,0.056690
10540.jpg,0.030502,0.208795,0.760703
10541.jpg,0.168258,0.766761,0.064980
10542.jpg,0.573797,0.421770,0.004433
10543.jpg,0.624158,0.355297,0.020545
10544.jpg,0.833753,0.150300,0.015946
10545.jpg,0.926975,0.071439,0.001586
10546.jpg,0.140798,0.806962,0.052240
10547.jpg,0.047048,0.881116,0.071836
10548.jpg,0.119340,0.854068,0.026593
10549.jpg,0.052796,0.501685,0.445519
10550.jpg,0.107493,0.757245,0.135261
10551.jpg,0.025568,0.774001,0.200431
10552.jpg,0.060559,0.862712,0.076729
10553.jpg,0.024143,0.068934,0.906922
10554.jpg,0.079666,0.805904,0.114431
10555.jpg,0.058039,0.896723,0.045239
10556.jpg,0.024926,0.181150,0.793924
10557.jpg,0.430688,0.518370,0.050942
10558.jpg,0.028480,0.129252,0.842267
10559.jpg,0.020179,0.104612,0.875208
10560.jpg,0.128112,0.788315,0.083573
10561.jpg,0.023107,0.163005,0.813888
10562.jpg,0.019413,0.082079,0.898508
10563.jpg,0.028419,0.108268,0.863313
10564.jpg,0.280667,0.708589,0.010743
10565.jpg,0.201330,0.545116,0.253554
10566.jpg,0.816940,0.181195,0.001865
10567.jpg,0.085959,0.589419,0.324622
10568.jpg,0.068929,0.225863,0.705208
10569.jpg,0.081630,0.858219,0.060151
10570.jpg,0.093031,0.862892,0.044077
10571.jpg,0.020825,0.053281,0.925894
10572.jpg,0.050759,0.434899,0.514341
10573.jpg,0.048998,0.888204,0.062798
10574.jpg,0.553757,0.344628,0.101615
10575.jpg,0.136335,0.278708,0.584957
10576.jpg,0.043560,0.823799,0.132641
10577.jpg,0.155197,0.804963,0.039839
10578.jpg,0.043483,0.840198,0.116319
10579.jpg,0.044232,0.270947,0.684821
10580.jpg,0.515475,0.449773,0.034752
10581.jpg,0.051775,0.875266,0.072959
10582.jpg,0.299756,0.649559,0.050685
10583.jpg,0.019825,0.061276,0.918898
10584.jpg,0.029400,0.120107,0.850493
10585.jpg,0.025819,0.102038,0.872143
10586.jpg,0.083442,0.802185,0.114372
10587.jpg,0.244283,0.745210,0.010506
10588.jpg,0.090601,0.605817,0.303582
10589.jpg,0.792325,0.206911,0.000764
10590.jpg,0.689904,0.227755,0.082341
10591.jpg,0.034918,0.204223,0.760859
10592.jpg,0.077382,0.763772,0.158847
10593.jpg,0.030788,0.090523,0.878689
10594.jpg,0.688991,0.306359,0.004650
10595.jpg,0.029644,0.062622,0.907733
10596.jpg,0.280760,0.656866,0.062374
10597.jpg,0.064347,0.697668,0.237985
