image_name,Type_1,Type_2,Type_3
0.jpg,0.162290,0.816266,0.021444
1.jpg,0.095118,0.764441,0.140441
2.jpg,0.187216,0.800070,0.012713
3.jpg,0.011893,0.319157,0.668950
4.jpg,0.021000,0.088150,0.890850
5.jpg,0.259328,0.731529,0.009143
6.jpg,0.234725,0.714032,0.051243
7.jpg,0.011044,0.174516,0.814440
8.jpg,0.293440,0.616389,0.090171
9.jpg,0.068978,0.866183,0.064840
10.jpg,0.493675,0.504463,0.001862
11.jpg,0.017376,0.070405,0.912220
12.jpg,0.058816,0.204162,0.737022
13.jpg,0.018417,0.122030,0.859553
14.jpg,0.009619,0.803767,0.186614
15.jpg,0.045894,0.154372,0.799734
16.jpg,0.591139,0.396014,0.012846
17.jpg,0.393175,0.602409,0.004416
18.jpg,0.112275,0.858767,0.028958
19.jpg,0.027491,0.256548,0.715961
20.jpg,0.915424,0.082097,0.002479
21.jpg,0.319398,0.643221,0.037380
22.jpg,0.123028,0.826932,0.050041
23.jpg,0.447452,0.523904,0.028643
24.jpg,0.508923,0.480754,0.010322
25.jpg,0.133813,0.832497,0.033691
26.jpg,0.288834,0.687393,0.023773
27.jpg,0.073238,0.152533,0.774228
28.jpg,0.052773,0.763048,0.184179
29.jpg,0.013387,0.527385,0.459228
30.jpg,0.151015,0.816610,0.032375
31.jpg,0.271715,0.708107,0.020177
32.jpg,0.473872,0.310642,0.215486
33.jpg,0.484398,0.510800,0.004801
34.jpg,0.066857,0.860934,0.072209
35.jpg,0.039121,0.503582,0.457297
36.jpg,0.227187,0.760616,0.012197
37.jpg,0.448006,0.545862,0.006132
38.jpg,0.077006,0.848856,0.074138
39.jpg,0.058659,0.758052,0.183289
40.jpg,0.024696,0.164158,0.811146
41.jpg,0.005730,0.475533,0.518736
42.jpg,0.048553,0.889575,0.061872
43.jpg,0.027771,0.730230,0.241999
44.jpg,0.064736,0.766020,0.169244
45.jpg,0.013661,0.507675,0.478664
46.jpg,0.023738,0.173194,0.803068
47.jpg,0.530339,0.416819,0.052842
48.jpg,0.023218,0.101636,0.875146
49.jpg,0.015461,0.179168,0.805371
50.jpg,0.091311,0.205909,0.702780
51.jpg,0.947859,0.048888,0.003253
52.jpg,0.034403,0.221451,0.744146
53.jpg,0.029621,0.189371,0.781008
54.jpg,0.019307,0.409207,0.571486
55.jpg,0.058660,0.167686,0.773654
56.jpg,0.046376,0.908666,0.044958
57.jpg,0.154692,0.821550,0.023758
58.jpg,0.021553,0.524906,0.453541
59.jpg,0.870656,0.120394,0.008949
60.jpg,0.110435,0.517794,0.371771
61.jpg,0.232474,0.703293,0.064233
62.jpg,0.038141,0.258423,0.703436
63.jpg,0.096121,0.769638,0.134241
64.jpg,0.179233,0.800119,0.020648
65.jpg,0.832891,0.144308,0.022801
66.jpg,0.021523,0.132248,0.846229
67.jpg,0.016248,0.084077,0.899675
68.jpg,0.061753,0.848983,0.089264
69.jpg,0.089743,0.768649,0.141609
70.jpg,0.799038,0.174757,0.026205
71.jpg,0.134220,0.834921,0.030859
72.jpg,0.166962,0.812695,0.020343
73.jpg,0.417919,0.522476,0.059605
74.jpg,0.056392,0.351066,0.592542
75.jpg,0.163338,0.820547,0.016115
76.jpg,0.020539,0.208067,0.771394
77.jpg,0.042309,0.849673,0.108019
78.jpg,0.019641,0.061538,0.918822
79.jpg,0.587771,0.400414,0.011815
80.jpg,0.012315,0.442856,0.544828
81.jpg,0.021162,0.790484,0.188353
82.jpg,0.432364,0.531250,0.036386
83.jpg,0.024066,0.077956,0.897977
84.jpg,0.792071,0.186786,0.021142
85.jpg,0.095693,0.867504,0.036803
86.jpg,0.017813,0.060672,0.921515
87.jpg,0.017847,0.139969,0.842184
88.jpg,0.293430,0.648122,0.058449
89.jpg,0.035164,0.107689,0.857148
90.jpg,0.549402,0.431389,0.019209
91.jpg,0.167889,0.791616,0.040495
92.jpg,0.009035,0.171989,0.818977
93.jpg,0.062121,0.890509,0.047371
94.jpg,0.130970,0.786435,0.082596
95.jpg,0.035101,0.853445,0.111454
96.jpg,0.214878,0.763405,0.021717
97.jpg,0.019558,0.212117,0.768325
98.jpg,0.350732,0.600076,0.049191
99.jpg,0.042266,0.281376,0.676358
100.jpg,0.135266,0.838643,0.026090
101.jpg,0.619231,0.374964,0.005805
102.jpg,0.143093,0.804699,0.052208
103.jpg,0.314967,0.611563,0.073470
104.jpg,0.010465,0.356790,0.632745
105.jpg,0.016648,0.095412,0.887940
106.jpg,0.087486,0.830135,0.082378
107.jpg,0.067288,0.449027,0.483685
108.jpg,0.059919,0.542789,0.397292
109.jpg,0.041015,0.118227,0.840759
110.jpg,0.064203,0.888840,0.046957
111.jpg,0.175872,0.496818,0.327310
112.jpg,0.034485,0.241957,0.723557
113.jpg,0.041592,0.461777,0.496631
114.jpg,0.012845,0.328957,0.658197
115.jpg,0.073356,0.889566,0.037078
116.jpg,0.022507,0.172976,0.804517
117.jpg,0.165488,0.812418,0.022094
118.jpg,0.017804,0.100553,0.881643
119.jpg,0.410989,0.422207,0.166804
120.jpg,0.096499,0.849812,0.053689
121.jpg,0.069583,0.897179,0.033238
122.jpg,0.026051,0.110653,0.863296
123.jpg,0.522189,0.467235,0.010576
124.jpg,0.022158,0.078322,0.899520
125.jpg,0.022275,0.620462,0.357263
126.jpg,0.054122,0.895665,0.050213
127.jpg,0.059126,0.807279,0.133596
128.jpg,0.062706,0.895893,0.041401
129.jpg,0.110799,0.837844,0.051356
130.jpg,0.464131,0.529936,0.005933
131.jpg,0.023264,0.076451,0.900285
132.jpg,0.034043,0.316135,0.649822
133.jpg,0.010536,0.129691,0.859773
134.jpg,0.051512,0.905355,0.043133
135.jpg,0.132741,0.824760,0.042500
136.jpg,0.056453,0.884155,0.059392
137.jpg,0.143142,0.808187,0.048671
138.jpg,0.029000,0.833515,0.137486
139.jpg,0.071240,0.893978,0.034782
140.jpg,0.075728,0.877787,0.046485
141.jpg,0.102666,0.207255,0.690079
142.jpg,0.661021,0.334579,0.004400
143.jpg,0.025244,0.223343,0.751413
144.jpg,0.230351,0.747785,0.021864
145.jpg,0.014500,0.089188,0.896311
146.jpg,0.074783,0.885593,0.039625
147.jpg,0.060535,0.722194,0.217271
148.jpg,0.295627,0.576743,0.127630
149.jpg,0.038852,0.242297,0.718851
150.jpg,0.571912,0.371168,0.056920
151.jpg,0.049544,0.201480,0.748975
152.jpg,0.050384,0.904999,0.044617
153.jpg,0.012965,0.141634,0.845401
154.jpg,0.842211,0.148041,0.009748
155.jpg,0.077885,0.276795,0.645320
156.jpg,0.066025,0.693795,0.240181
157.jpg,0.055068,0.492370,0.452563
158.jpg,0.016326,0.223132,0.760542
159.jpg,0.039857,0.855322,0.104821
160.jpg,0.238706,0.728620,0.032674
161.jpg,0.089177,0.783169,0.127654
162.jpg,0.012567,0.397957,0.589476
163.jpg,0.136756,0.723527,0.139717
164.jpg,0.211846,0.557860,0.230293
165.jpg,0.914113,0.079704,0.006183
166.jpg,0.199971,0.539159,0.260870
167.jpg,0.021318,0.271431,0.707251
168.jpg,0.270555,0.620250,0.109195
169.jpg,0.080528,0.886169,0.033303
170.jpg,0.071779,0.892380,0.035841
171.jpg,0.006877,0.311501,0.681621
172.jpg,0.034256,0.351263,0.614482
173.jpg,0.022849,0.450796,0.526355
174.jpg,0.397872,0.587823,0.014306
175.jpg,0.027028,0.217870,0.755102
176.jpg,0.089336,0.864365,0.046299
177.jpg,0.067289,0.860099,0.072612
178.jpg,0.045344,0.218277,0.736380
179.jpg,0.305822,0.674273,0.019905
180.jpg,0.045538,0.249315,0.705146
181.jpg,0.034197,0.553574,0.412229
182.jpg,0.026491,0.074698,0.898810
183.jpg,0.094564,0.855234,0.050201
184.jpg,0.024926,0.136078,0.838997
185.jpg,0.050738,0.652669,0.296593
186.jpg,0.048939,0.905734,0.045326
187.jpg,0.028669,0.787336,0.183995
188.jpg,0.043204,0.237795,0.719001
189.jpg,0.023600,0.251215,0.725185
190.jpg,0.143099,0.828617,0.028284
191.jpg,0.021859,0.158528,0.819613
192.jpg,0.017212,0.651512,0.331276
193.jpg,0.551617,0.439176,0.009207
194.jpg,0.055999,0.593534,0.350468
195.jpg,0.125192,0.811577,0.063231
196.jpg,0.820429,0.177244,0.002326
197.jpg,0.141409,0.800210,0.058380
198.jpg,0.058178,0.145132,0.796690
199.jpg,0.034881,0.297684,0.667435
200.jpg,0.138741,0.831170,0.030089
201.jpg,0.080706,0.812185,0.107108
202.jpg,0.268279,0.703191,0.028531
203.jpg,0.227675,0.599433,0.172891
204.jpg,0.014113,0.227023,0.758863
205.jpg,0.037263,0.115397,0.847340
206.jpg,0.120527,0.821628,0.057845
207.jpg,0.024705,0.186203,0.789092
208.jpg,0.024669,0.097234,0.878097
209.jpg,0.017042,0.076991,0.905966
210.jpg,0.062995,0.298780,0.638225
211.jpg,0.454948,0.523073,0.021979
212.jpg,0.153807,0.790474,0.055718
213.jpg,0.019748,0.198905,0.781347
214.jpg,0.313351,0.657953,0.028695
215.jpg,0.163452,0.820247,0.016301
216.jpg,0.079976,0.887803,0.032221
217.jpg,0.195601,0.787406,0.016993
218.jpg,0.106762,0.873247,0.019990
219.jpg,0.050875,0.485892,0.463234
220.jpg,0.202135,0.780384,0.017481
221.jpg,0.034475,0.225589,0.739936
222.jpg,0.033713,0.185382,0.780905
223.jpg,0.021181,0.078048,0.900771
224.jpg,0.020357,0.063237,0.916406
225.jpg,0.033847,0.860907,0.105245
226.jpg,0.020387,0.397414,0.582198
227.jpg,0.046475,0.899274,0.054250
228.jpg,0.080787,0.870595,0.048618
229.jpg,0.049981,0.776165,0.173854
230.jpg,0.139613,0.822811,0.037576
231.jpg,0.929786,0.065264,0.004950
232.jpg,0.725518,0.238567,0.035916
233.jpg,0.183936,0.777838,0.038226
234.jpg,0.072783,0.119250,0.807967
235.jpg,0.167337,0.734251,0.098412
236.jpg,0.106751,0.556995,0.336254
237.jpg,0.041784,0.249804,0.708413
238.jpg,0.017726,0.112153,0.870121
239.jpg,0.054177,0.904449,0.041374
240.jpg,0.074248,0.148896,0.776855
241.jpg,0.422074,0.526991,0.050935
242.jpg,0.161059,0.723467,0.115475
243.jpg,0.596691,0.401802,0.001507
244.jpg,0.023118,0.137043,0.839840
245.jpg,0.375817,0.620131,0.004052
246.jpg,0.032319,0.864415,0.103266
247.jpg,0.040885,0.731341,0.227773
248.jpg,0.099037,0.462149,0.438814
249.jpg,0.304224,0.665767,0.030008
250.jpg,0.115643,0.733252,0.151105
251.jpg,0.091369,0.869977,0.038654
252.jpg,0.150712,0.690494,0.158794
253.jpg,0.283580,0.182513,0.533907
254.jpg,0.021565,0.068552,0.909883
255.jpg,0.057368,0.705312,0.237320
256.jpg,0.024207,0.121100,0.854693
257.jpg,0.089137,0.876078,0.034785
258.jpg,0.035934,0.279805,0.684261
259.jpg,0.058188,0.219778,0.722034
260.jpg,0.432705,0.433121,0.134175
261.jpg,0.606590,0.301055,0.092355
262.jpg,0.367710,0.571503,0.060787
263.jpg,0.101713,0.850697,0.047590
264.jpg,0.021121,0.182287,0.796592
265.jpg,0.013922,0.382601,0.603477
266.jpg,0.022716,0.100163,0.877121
267.jpg,0.293528,0.684746,0.021726
268.jpg,0.578590,0.412087,0.009323
269.jpg,0.598565,0.390382,0.011053
270.jpg,0.014102,0.087857,0.898041
271.jpg,0.039933,0.781636,0.178431
272.jpg,0.159672,0.693240,0.147088
273.jpg,0.034391,0.481564,0.484045
274.jpg,0.315600,0.589367,0.095033
275.jpg,0.024592,0.077277,0.898131
276.jpg,0.046954,0.261842,0.691204
277.jpg,0.199198,0.780269,0.020533
278.jpg,0.080040,0.435243,0.484717
279.jpg,0.027651,0.272519,0.699829
280.jpg,0.088412,0.807240,0.104349
281.jpg,0.024928,0.397759,0.577313
282.jpg,0.084064,0.865307,0.050629
283.jpg,0.021711,0.127210,0.851079
284.jpg,0.014864,0.105789,0.879347
285.jpg,0.486836,0.499412,0.013751
286.jpg,0.060756,0.744499,0.194745
287.jpg,0.019953,0.124260,0.855787
288.jpg,0.031014,0.754658,0.214328
289.jpg,0.937329,0.058724,0.003947
290.jpg,0.070220,0.838483,0.091297
291.jpg,0.202844,0.779185,0.017971
292.jpg,0.187050,0.685574,0.127376
293.jpg,0.867313,0.121283,0.011404
294.jpg,0.129890,0.810380,0.059731
295.jpg,0.192676,0.733975,0.073348
296.jpg,0.120799,0.856400,0.022801
297.jpg,0.214720,0.733850,0.051430
298.jpg,0.020970,0.113349,0.865680
299.jpg,0.148597,0.830762,0.020641
300.jpg,0.080831,0.889900,0.029269
301.jpg,0.069167,0.613372,0.317461
302.jpg,0.101403,0.388214,0.510383
303.jpg,0.173764,0.804075,0.022161
304.jpg,0.832277,0.162702,0.005021
305.jpg,0.033659,0.839735,0.126606
306.jpg,0.139536,0.676720,0.183743
307.jpg,0.021638,0.157859,0.820503
308.jpg,0.561350,0.393791,0.044859
309.jpg,0.017757,0.394271,0.587972
310.jpg,0.062711,0.301282,0.636006
311.jpg,0.027030,0.086535,0.886435
312.jpg,0.862122,0.131364,0.006514
313.jpg,0.015362,0.279617,0.705020
314.jpg,0.057165,0.886507,0.056328
315.jpg,0.207427,0.775916,0.016657
316.jpg,0.452733,0.478085,0.069182
317.jpg,0.787998,0.207254,0.004748
318.jpg,0.119781,0.859335,0.020884
319.jpg,0.009255,0.666627,0.324118
320.jpg,0.069201,0.884104,0.046695
321.jpg,0.173048,0.736482,0.090470
322.jpg,0.027475,0.755018,0.217507
323.jpg,0.059428,0.583514,0.357058
324.jpg,0.146702,0.836699,0.016598
325.jpg,0.034898,0.117615,0.847487
326.jpg,0.019500,0.072403,0.908097
327.jpg,0.033248,0.384912,0.581840
328.jpg,0.027933,0.433450,0.538617
329.jpg,0.124535,0.370977,0.504488
330.jpg,0.171483,0.814701,0.013816
331.jpg,0.852054,0.134871,0.013075
332.jpg,0.223561,0.641046,0.135392
333.jpg,0.016409,0.108487,0.875104
334.jpg,0.019412,0.078303,0.902285
335.jpg,0.017362,0.067822,0.914816
336.jpg,0.825799,0.167375,0.006826
337.jpg,0.023677,0.178266,0.798057
338.jpg,0.213182,0.755514,0.031304
339.jpg,0.023231,0.076019,0.900750
340.jpg,0.169704,0.746875,0.083421
341.jpg,0.085034,0.712897,0.202069
342.jpg,0.151610,0.537294,0.311097
343.jpg,0.040646,0.203535,0.755818
344.jpg,0.803902,0.193773,0.002325
345.jpg,0.254399,0.684536,0.061065
346.jpg,0.054050,0.825064,0.120886
347.jpg,0.108527,0.830022,0.061451
348.jpg,0.017369,0.687731,0.294901
349.jpg,0.173974,0.717449,0.108577
350.jpg,0.031297,0.603290,0.365413
351.jpg,0.018675,0.641262,0.340063
352.jpg,0.032393,0.807382,0.160225
353.jpg,0.030281,0.119595,0.850124
354.jpg,0.095728,0.881120,0.023153
355.jpg,0.863355,0.128774,0.007871
356.jpg,0.922802,0.075203,0.001996
357.jpg,0.033379,0.889191,0.077430
358.jpg,0.111956,0.855753,0.032292
359.jpg,0.017957,0.074433,0.907610
360.jpg,0.076918,0.893837,0.029245
361.jpg,0.225774,0.722503,0.051723
362.jpg,0.053931,0.695202,0.250867
363.jpg,0.111930,0.801234,0.086836
364.jpg,0.011445,0.181078,0.807476
365.jpg,0.040126,0.891102,0.068772
366.jpg,0.040348,0.166139,0.793513
367.jpg,0.881539,0.109529,0.008932
368.jpg,0.263240,0.716157,0.020603
369.jpg,0.053848,0.868960,0.077192
370.jpg,0.068761,0.854942,0.076297
371.jpg,0.662247,0.334282,0.003472
372.jpg,0.019799,0.099672,0.880529
373.jpg,0.097573,0.865423,0.037005
374.jpg,0.154887,0.633621,0.211492
375.jpg,0.122437,0.863276,0.014287
376.jpg,0.018228,0.100566,0.881206
377.jpg,0.041320,0.889829,0.068851
378.jpg,0.068176,0.225205,0.706619
379.jpg,0.020303,0.181571,0.798126
380.jpg,0.034198,0.763062,0.202740
381.jpg,0.233105,0.732071,0.034824
382.jpg,0.645287,0.353401,0.001311
383.jpg,0.152222,0.825120,0.022658
384.jpg,0.152559,0.666177,0.181263
385.jpg,0.061226,0.769617,0.169157
386.jpg,0.015047,0.106682,0.878271
387.jpg,0.113581,0.510262,0.376157
388.jpg,0.010513,0.556763,0.432724
389.jpg,0.124977,0.828894,0.046129
390.jpg,0.068962,0.865609,0.065428
391.jpg,0.026552,0.239447,0.734001
392.jpg,0.046457,0.738477,0.215066
393.jpg,0.030874,0.148508,0.820618
394.jpg,0.084947,0.849473,0.065580
395.jpg,0.402261,0.586848,0.010891
396.jpg,0.075219,0.884986,0.039795
397.jpg,0.174978,0.785494,0.039527
398.jpg,0.008021,0.315027,0.676952
399.jpg,0.166674,0.791292,0.042035
400.jpg,0.025186,0.169236,0.805578
401.jpg,0.027972,0.480955,0.491073
402.jpg,0.575703,0.421290,0.003006
403.jpg,0.491397,0.505124,0.003479
404.jpg,0.115791,0.839059,0.045149
405.jpg,0.135230,0.828966,0.035805
406.jpg,0.605780,0.392701,0.001519
407.jpg,0.082925,0.874984,0.042092
408.jpg,0.061865,0.705458,0.232677
409.jpg,0.025050,0.105522,0.869427
410.jpg,0.237295,0.528217,0.234488
411.jpg,0.068485,0.888081,0.043434
412.jpg,0.149801,0.744268,0.105931
413.jpg,0.025540,0.403741,0.570719
414.jpg,0.024880,0.224713,0.750407
415.jpg,0.181925,0.804796,0.013279
416.jpg,0.745731,0.247372,0.006897
417.jpg,0.095036,0.884305,0.020658
418.jpg,0.024733,0.127417,0.847850
419.jpg,0.357921,0.630174,0.011906
420.jpg,0.026399,0.410034,0.563567
421.jpg,0.060345,0.813270,0.126385
422.jpg,0.046121,0.198652,0.755228
423.jpg,0.024207,0.219524,0.756269
424.jpg,0.024446,0.590340,0.385214
425.jpg,0.017228,0.078226,0.904546
426.jpg,0.074012,0.210551,0.715437
427.jpg,0.028755,0.848337,0.122908
428.jpg,0.032875,0.256055,0.711070
429.jpg,0.020048,0.139863,0.840089
430.jpg,0.355624,0.497325,0.147050
431.jpg,0.904220,0.092989,0.002791
432.jpg,0.023947,0.073325,0.902728
433.jpg,0.067766,0.208582,0.723652
434.jpg,0.216365,0.757467,0.026168
435.jpg,0.037646,0.246849,0.715505
436.jpg,0.269494,0.699186,0.031320
437.jpg,0.466591,0.527099,0.006309
438.jpg,0.055018,0.901731,0.043251
439.jpg,0.034212,0.826854,0.138934
440.jpg,0.020056,0.093562,0.886382
441.jpg,0.080554,0.861663,0.057783
442.jpg,0.145676,0.831773,0.022551
443.jpg,0.027382,0.767891,0.204726
444.jpg,0.123380,0.781107,0.095513
445.jpg,0.338025,0.554283,0.107692
446.jpg,0.178675,0.623275,0.198050
447.jpg,0.089120,0.810145,0.100734
448.jpg,0.052073,0.826741,0.121186
449.jpg,0.288497,0.682050,0.029453
450.jpg,0.012783,0.169594,0.817623
451.jpg,0.032567,0.823480,0.143954
452.jpg,0.027853,0.117732,0.854415
453.jpg,0.460614,0.535808,0.003578
454.jpg,0.371338,0.603191,0.025471
455.jpg,0.066923,0.137889,0.795188
456.jpg,0.297561,0.691292,0.011147
457.jpg,0.671164,0.326072,0.002765
458.jpg,0.126820,0.835920,0.037260
459.jpg,0.080117,0.889337,0.030546
460.jpg,0.360990,0.620030,0.018980
461.jpg,0.143489,0.796937,0.059574
462.jpg,0.080250,0.778571,0.141179
463.jpg,0.132643,0.710685,0.156672
464.jpg,0.228154,0.757596,0.014250
465.jpg,0.054102,0.899449,0.046448
466.jpg,0.189978,0.794306,0.015716
467.jpg,0.880957,0.112092,0.006951
468.jpg,0.198239,0.540142,0.261619
469.jpg,0.058909,0.455200,0.485891
470.jpg,0.631511,0.363895,0.004594
471.jpg,0.095891,0.878596,0.025513
472.jpg,0.627336,0.345565,0.027099
473.jpg,0.030852,0.647575,0.321573
474.jpg,0.083102,0.405827,0.511071
475.jpg,0.075802,0.860685,0.063512
476.jpg,0.109865,0.862840,0.027295
477.jpg,0.698565,0.287352,0.014083
478.jpg,0.154503,0.814218,0.031278
479.jpg,0.107612,0.406492,0.485896
480.jpg,0.057213,0.768083,0.174704
481.jpg,0.017687,0.062841,0.919472
482.jpg,0.834347,0.146024,0.019629
483.jpg,0.454381,0.529941,0.015678
484.jpg,0.043991,0.153559,0.802450
485.jpg,0.039250,0.187005,0.773745
486.jpg,0.014097,0.557673,0.428229
487.jpg,0.481503,0.504778,0.013719
488.jpg,0.037292,0.809244,0.153465
489.jpg,0.356686,0.315478,0.327836
490.jpg,0.109687,0.740203,0.150111
491.jpg,0.030679,0.582176,0.387146
492.jpg,0.453698,0.501407,0.044895
493.jpg,0.463036,0.530023,0.006941
494.jpg,0.029442,0.702492,0.268067
495.jpg,0.093351,0.853648,0.053001
496.jpg,0.023628,0.329438,0.646934
497.jpg,0.107950,0.821166,0.070884
498.jpg,0.042048,0.778648,0.179304
499.jpg,0.014254,0.099269,0.886476
500.jpg,0.148051,0.794115,0.057833
501.jpg,0.722695,0.237119,0.040186
502.jpg,0.028590,0.137993,0.833417
503.jpg,0.051193,0.403864,0.544942
504.jpg,0.034800,0.082377,0.882823
505.jpg,0.114447,0.850896,0.034657
506.jpg,0.033611,0.807644,0.158745
507.jpg,0.142081,0.742915,0.115004
508.jpg,0.076296,0.735383,0.188321
509.jpg,0.067695,0.890869,0.041437
510.jpg,0.034466,0.197296,0.768238
511.jpg,0.028688,0.140967,0.830345
10000.jpg,0.137272,0.814266,0.048463
10001.jpg,0.079464,0.854398,0.066138
10002.jpg,0.042041,0.468716,0.489243
10003.jpg,0.906584,0.088602,0.004814
10004.jpg,0.079682,0.892669,0.027649
10005.jpg,0.146451,0.764957,0.088592
10006.jpg,0.014145,0.852271,0.133584
10007.jpg,0.609743,0.376859,0.013398
10008.jpg,0.275198,0.670932,0.053870
10009.jpg,0.138728,0.840275,0.020997
10010.jpg,0.017006,0.097284,0.885710
10011.jpg,0.040665,0.156165,0.803170
10012.jpg,0.063778,0.882301,0.053921
10013.jpg,0.030050,0.309795,0.660155
10014.jpg,0.088907,0.858845,0.052248
10015.jpg,0.055494,0.333334,0.611172
10016.jpg,0.154334,0.469126,0.376541
10017.jpg,0.008089,0.587275,0.404636
10018.jpg,0.107109,0.408955,0.483936
10019.jpg,0.075001,0.889231,0.035768
10020.jpg,0.036712,0.544207,0.419081
10021.jpg,0.070913,0.425669,0.503418
10022.jpg,0.155600,0.533687,0.310713
10023.jpg,0.084758,0.548811,0.366431
10024.jpg,0.028936,0.121658,0.849406
10025.jpg,0.114051,0.859248,0.026701
10026.jpg,0.143441,0.431372,0.425187
10027.jpg,0.095237,0.809881,0.094882
10028.jpg,0.011313,0.494229,0.494458
10029.jpg,0.834026,0.146539,0.019435
10030.jpg,0.031072,0.269698,0.699231
10031.jpg,0.041261,0.269887,0.688852
10032.jpg,0.053364,0.689435,0.257201
10033.jpg,0.140209,0.837551,0.022240
10034.jpg,0.038627,0.880976,0.080397
10035.jpg,0.006278,0.701032,0.292690
10036.jpg,0.218002,0.657141,0.124857
10037.jpg,0.271608,0.668831,0.059561
10038.jpg,0.060809,0.890146,0.049044
10039.jpg,0.928491,0.068303,0.003206
10040.jpg,0.080276,0.229725,0.689999
10041.jpg,0.119767,0.857781,0.022451
10042.jpg,0.046982,0.231434,0.721584
10043.jpg,0.053033,0.854857,0.092110
10044.jpg,0.529168,0.430016,0.040816
10045.jpg,0.451874,0.537784,0.010343
10046.jpg,0.487702,0.487681,0.024616
10047.jpg,0.250094,0.743164,0.006742
10048.jpg,0.075226,0.824300,0.100474
10049.jpg,0.020087,0.568702,0.411211
10050.jpg,0.072436,0.861469,0.066095
10051.jpg,0.008796,0.653304,0.337900
10052.jpg,0.041604,0.252348,0.706048
10053.jpg,0.059240,0.167977,0.772784
10054.jpg,0.018625,0.693382,0.287993
10055.jpg,0.315847,0.472656,0.211498
10056.jpg,0.113328,0.856465,0.030207
10057.jpg,0.167099,0.793153,0.039749
10058.jpg,0.830138,0.167912,0.001950
10059.jpg,0.005393,0.327713,0.666894
10060.jpg,0.275752,0.711540,0.012708
10061.jpg,0.159509,0.802995,0.037497
10062.jpg,0.044223,0.215484,0.740293
10063.jpg,0.071924,0.892348,0.035728
10064.jpg,0.182267,0.800571,0.017162
10065.jpg,0.142842,0.294044,0.563114
10066.jpg,0.020469,0.086627,0.892904
10067.jpg,0.491047,0.479130,0.029823
10068.jpg,0.088304,0.647913,0.263783
10069.jpg,0.718522,0.270354,0.011124
10070.jpg,0.145802,0.835067,0.019131
10071.jpg,0.099222,0.825391,0.075387
10072.jpg,0.010423,0.282035,0.707542
10073.jpg,0.133994,0.821903,0.044102
10074.jpg,0.205893,0.761403,0.032704
10075.jpg,0.117594,0.863220,0.019186
10076.jpg,0.017018,0.105302,0.877680
10077.jpg,0.050615,0.205623,0.743761
10078.jpg,0.628864,0.366373,0.004762
10079.jpg,0.026700,0.117574,0.855725
10080.jpg,0.048626,0.235937,0.715437
10081.jpg,0.441481,0.540138,0.018381
10082.jpg,0.221431,0.754702,0.023867
10083.jpg,0.012998,0.106711,0.880291
10084.jpg,0.296621,0.372553,0.330827
10085.jpg,0.272745,0.666659,0.060596
10086.jpg,0.089284,0.808821,0.101895
10087.jpg,0.086463,0.879902,0.033635
10088.jpg,0.030305,0.161307,0.808388
10089.jpg,0.015672,0.718242,0.266086
10090.jpg,0.055314,0.789143,0.155543
10091.jpg,0.047877,0.761716,0.190406
10092.jpg,0.083120,0.593708,0.323172
10093.jpg,0.053505,0.888929,0.057566
10094.jpg,0.103546,0.598495,0.297959
10095.jpg,0.011115,0.111202,0.877683
10096.jpg,0.721419,0.270128,0.008454
10097.jpg,0.172435,0.748645,0.078920
10098.jpg,0.170866,0.810159,0.018975
10099.jpg,0.100047,0.831938,0.068015
10100.jpg,0.018506,0.309483,0.672011
10101.jpg,0.136281,0.830692,0.033027
10102.jpg,0.031960,0.663724,0.304317
10103.jpg,0.023172,0.074848,0.901980
10104.jpg,0.011437,0.700763,0.287800
10105.jpg,0.025050,0.139355,0.835596
10106.jpg,0.021348,0.122901,0.855750
10107.jpg,0.023934,0.548596,0.427470
10108.jpg,0.123058,0.817073,0.059869
10109.jpg,0.011205,0.590592,0.398203
10110.jpg,0.024821,0.135788,0.839391
10111.jpg,0.099930,0.819211,0.080859
10112.jpg,0.034007,0.193348,0.772645
10113.jpg,0.095985,0.221214,0.682801
10114.jpg,0.282910,0.703783,0.013307
10115.jpg,0.021672,0.151349,0.826979
10116.jpg,0.253351,0.730004,0.016645
10117.jpg,0.837685,0.148075,0.014241
10118.jpg,0.155550,0.828061,0.016389
10119.jpg,0.656679,0.311396,0.031925
10120.jpg,0.623566,0.373822,0.002612
10121.jpg,0.050475,0.296866,0.652659
10122.jpg,0.105608,0.809628,0.084764
10123.jpg,0.294829,0.696679,0.008491
10124.jpg,0.143145,0.837696,0.019159
10125.jpg,0.043213,0.319025,0.637762
10126.jpg,0.057859,0.899284,0.042857
10127.jpg,0.009121,0.404668,0.586211
10128.jpg,0.108238,0.511855,0.379907
10129.jpg,0.021900,0.799303,0.178798
10130.jpg,0.040658,0.718592,0.240750
10131.jpg,0.072684,0.892065,0.035251
10132.jpg,0.205167,0.782989,0.011845
10133.jpg,0.179227,0.759871,0.060902
10134.jpg,0.038393,0.143483,0.818124
10135.jpg,0.010991,0.341336,0.647673
10136.jpg,0.807655,0.178277,0.014068
10137.jpg,0.351104,0.422682,0.226214
10138.jpg,0.094060,0.847521,0.058420
10139.jpg,0.023109,0.584092,0.392799
10140.jpg,0.093953,0.704209,0.201838
10141.jpg,0.199103,0.751583,0.049314
10142.jpg,0.140225,0.789631,0.070144
10143.jpg,0.030480,0.205773,0.763747
10144.jpg,0.057769,0.906511,0.035720
10145.jpg,0.088748,0.386635,0.524617
10146.jpg,0.141606,0.672395,0.185999
10147.jpg,0.052843,0.894652,0.052505
10148.jpg,0.055001,0.298249,0.646750
10149.jpg,0.033652,0.549092,0.417256
10150.jpg,0.095516,0.798688,0.105796
10151.jpg,0.033044,0.736861,0.230095
10152.jpg,0.025918,0.471660,0.502422
10153.jpg,0.039473,0.589508,0.371019
10154.jpg,0.893732,0.104738,0.001529
10155.jpg,0.080454,0.842750,0.076796
10156.jpg,0.103621,0.814738,0.081641
10157.jpg,0.639962,0.356485,0.003553
10158.jpg,0.159902,0.811912,0.028186
10159.jpg,0.915875,0.079287,0.004838
10160.jpg,0.016967,0.856839,0.126194
10161.jpg,0.021738,0.163677,0.814585
10162.jpg,0.910371,0.080299,0.009331
10163.jpg,0.093571,0.728985,0.177444
10164.jpg,0.027817,0.146820,0.825364
10165.jpg,0.016084,0.084339,0.899577
10166.jpg,0.513339,0.434916,0.051745
10167.jpg,0.038753,0.627332,0.333915
10168.jpg,0.044978,0.796830,0.158193
10169.jpg,0.723157,0.263276,0.013566
10170.jpg,0.048899,0.088569,0.862532
10171.jpg,0.611024,0.359090,0.029886
10172.jpg,0.019867,0.481087,0.499046
10173.jpg,0.432712,0.373623,0.193665
10174.jpg,0.016381,0.115580,0.868039
10175.jpg,0.266566,0.615415,0.118019
10176.jpg,0.053747,0.881329,0.064923
10177.jpg,0.114676,0.813497,0.071827
10178.jpg,0.221750,0.669876,0.108374
10179.jpg,0.015797,0.117255,0.866949
10180.jpg,0.110875,0.835456,0.053669
10181.jpg,0.009830,0.470169,0.520000
10182.jpg,0.199827,0.768774,0.031399
10183.jpg,0.018379,0.118013,0.863607
10184.jpg,0.329214,0.661643,0.009144
10185.jpg,0.053032,0.495927,0.451042
10186.jpg,0.830709,0.161668,0.007623
10187.jpg,0.043767,0.140311,0.815921
10188.jpg,0.024412,0.209150,0.766438
10189.jpg,0.010542,0.425378,0.564080
10190.jpg,0.392749,0.603779,0.003472
10191.jpg,0.554484,0.419130,0.026386
10192.jpg,0.021717,0.810453,0.167830
10193.jpg,0.940182,0.057201,0.002617
10194.jpg,0.078709,0.823136,0.098155
10195.jpg,0.014397,0.172856,0.812747
10196.jpg,0.121226,0.850729,0.028045
10197.jpg,0.159035,0.746179,0.094786
10198.jpg,0.245777,0.729117,0.025107
10199.jpg,0.304707,0.684555,0.010738
10200.jpg,0.086842,0.831202,0.081956
10201.jpg,0.043522,0.882324,0.074154
10202.jpg,0.011460,0.257143,0.731397
10203.jpg,0.029330,0.531959,0.438711
10204.jpg,0.029445,0.828214,0.142341
10205.jpg,0.594827,0.381458,0.023715
10206.jpg,0.207416,0.777978,0.014606
10207.jpg,0.206938,0.783578,0.009484
10208.jpg,0.107551,0.804041,0.088408
10209.jpg,0.040979,0.796306,0.162715
10210.jpg,0.044624,0.186341,0.769035
10211.jpg,0.057446,0.899094,0.043459
10212.jpg,0.195055,0.763083,0.041862
10213.jpg,0.259774,0.617116,0.123110
10214.jpg,0.053783,0.888758,0.057459
10215.jpg,0.030102,0.490894,0.479004
10216.jpg,0.126024,0.777206,0.096770
10217.jpg,0.179333,0.800974,0.019693
10218.jpg,0.055822,0.898317,0.045861
10219.jpg,0.935226,0.061537,0.003237
10220.jpg,0.033047,0.227786,0.739167
10221.jpg,0.485069,0.494011,0.020920
10222.jpg,0.024846,0.079104,0.896050
10223.jpg,0.023322,0.155419,0.821259
10224.jpg,0.044540,0.422024,0.533435
10225.jpg,0.046570,0.248812,0.704619
10226.jpg,0.025845,0.071940,0.902216
10227.jpg,0.005517,0.290367,0.704116
10228.jpg,0.223445,0.761758,0.014797
10229.jpg,0.137198,0.818286,0.044517
10230.jpg,0.105220,0.807290,0.087490
10231.jpg,0.085257,0.820712,0.094032
10232.jpg,0.050195,0.466753,0.483051
10233.jpg,0.804032,0.189052,0.006916
10234.jpg,0.230496,0.730032,0.039472
10235.jpg,0.051392,0.808886,0.139722
10236.jpg,0.028435,0.095742,0.875823
10237.jpg,0.021282,0.155496,0.823222
10238.jpg,0.099116,0.874378,0.026505
10239.jpg,0.103675,0.799492,0.096833
10240.jpg,0.014936,0.309886,0.675178
10241.jpg,0.105717,0.679860,0.214423
10242.jpg,0.098056,0.749691,0.152253
10243.jpg,0.772300,0.226492,0.001208
10244.jpg,0.021782,0.386447,0.591771
10245.jpg,0.016208,0.348450,0.635342
10246.jpg,0.130188,0.505951,0.363862
10247.jpg,0.779980,0.206009,0.014011
10248.jpg,0.049248,0.406605,0.544147
10249.jpg,0.110155,0.765978,0.123866
10250.jpg,0.046849,0.464184,0.488967
10251.jpg,0.092420,0.851937,0.055642
10252.jpg,0.034258,0.774883,0.190859
10253.jpg,0.250383,0.735384,0.014233
10254.jpg,0.015800,0.259560,0.724640
10255.jpg,0.033885,0.884250,0.081864
10256.jpg,0.045388,0.693712,0.260900
10257.jpg,0.014107,0.230871,0.755022
10258.jpg,0.050516,0.720485,0.228999
10259.jpg,0.055437,0.194300,0.750263
10260.jpg,0.042351,0.110110,0.847539
10261.jpg,0.126286,0.660852,0.212862
10262.jpg,0.099006,0.875965,0.025029
10263.jpg,0.289959,0.629333,0.080708
10264.jpg,0.087978,0.846080,0.065942
10265.jpg,0.018283,0.470410,0.511306
10266.jpg,0.035345,0.877942,0.086713
10267.jpg,0.091484,0.848962,0.059554
10268.jpg,0.220354,0.711890,0.067756
10269.jpg,0.208224,0.778650,0.013127
10270.jpg,0.860038,0.132125,0.007837
10271.jpg,0.137855,0.843159,0.018986
10272.jpg,0.039194,0.896052,0.064754
10273.jpg,0.070278,0.896458,0.033264
10274.jpg,0.922498,0.074448,0.003053
10275.jpg,0.754755,0.241425,0.003820
10276.jpg,0.074803,0.864870,0.060327
10277.jpg,0.139959,0.506645,0.353396
10278.jpg,0.284812,0.617343,0.097844
10279.jpg,0.010881,0.306988,0.682131
10280.jpg,0.086877,0.838166,0.074958
10281.jpg,0.663873,0.302877,0.033251
10282.jpg,0.147722,0.227470,0.624807
10283.jpg,0.207179,0.772581,0.020240
10284.jpg,0.030006,0.361681,0.608312
10285.jpg,0.017337,0.125369,0.857294
10286.jpg,0.074612,0.383766,0.541622
10287.jpg,0.139031,0.766780,0.094189
10288.jpg,0.057255,0.742658,0.200086
10289.jpg,0.010201,0.284368,0.705431
10290.jpg,0.021847,0.471446,0.506707
10291.jpg,0.078340,0.879274,0.042387
10292.jpg,0.011966,0.636844,0.351190
10293.jpg,0.385350,0.607647,0.007003
10294.jpg,0.110155,0.607462,0.282383
10295.jpg,0.058824,0.858328,0.082848
10296.jpg,0.126551,0.805012,0.068437
10297.jpg,0.551510,0.443769,0.004721
10298.jpg,0.215954,0.707454,0.076592
10299.jpg,0.102404,0.834290,0.063306
10300.jpg,0.594782,0.396818,0.008400
10301.jpg,0.063904,0.323304,0.612792
10302.jpg,0.015564,0.135167,0.849269
10303.jpg,0.067001,0.549996,0.383003
10304.jpg,0.031835,0.398415,0.569750
10305.jpg,0.622692,0.376721,0.000587
10306.jpg,0.104111,0.847949,0.047940
10307.jpg,0.474882,0.497330,0.027788
10308.jpg,0.022730,0.092346,0.884925
10309.jpg,0.063207,0.712381,0.224411
10310.jpg,0.008358,0.213029,0.778613
10311.jpg,0.073583,0.507401,0.419016
10312.jpg,0.105551,0.853771,0.040678
10313.jpg,0.053484,0.309422,0.637094
10314.jpg,0.114654,0.842098,0.043248
10315.jpg,0.013892,0.391854,0.594254
10316.jpg,0.024823,0.527408,0.447770
10317.jpg,0.073509,0.889104,0.037386
10318.jpg,0.082039,0.300505,0.617456
10319.jpg,0.042946,0.912765,0.044290
10320.jpg,0.170114,0.751340,0.078546
10321.jpg,0.075356,0.705695,0.218949
10322.jpg,0.017723,0.086001,0.896276
10323.jpg,0.012774,0.265893,0.721333
10324.jpg,0.055652,0.892288,0.052059
10325.jpg,0.103985,0.128055,0.767959
10326.jpg,0.043721,0.265889,0.690390
10327.jpg,0.237073,0.345392,0.417534
10328.jpg,0.068247,0.898865,0.032887
10329.jpg,0.075416,0.850916,0.073668
10330.jpg,0.028313,0.154847,0.816840
10331.jpg,0.085803,0.886938,0.027259
10332.jpg,0.018596,0.188987,0.792416
10333.jpg,0.022878,0.065685,0.911437
10334.jpg,0.046292,0.791093,0.162615
10335.jpg,0.091310,0.368353,0.540337
10336.jpg,0.364481,0.542873,0.092646
10337.jpg,0.363524,0.616617,0.019859
10338.jpg,0.151189,0.806806,0.042005
10339.jpg,0.600756,0.389332,0.009912
10340.jpg,0.733656,0.264719,0.001625
10341.jpg,0.432533,0.539359,0.028109
10342.jpg,0.086868,0.252459,0.660673
10343.jpg,0.215259,0.583398,0.201343
10344.jpg,0.046674,0.133467,0.819859
10345.jpg,0.007741,0.164576,0.827683
10346.jpg,0.055905,0.356301,0.587794
10347.jpg,0.057029,0.883717,0.059255
10348.jpg,0.022698,0.168657,0.808645
10349.jpg,0.135604,0.840264,0.024132
10350.jpg,0.030712,0.159938,0.809350
10351.jpg,0.048062,0.483384,0.468554
10352.jpg,0.390466,0.588237,0.021297
10353.jpg,0.022455,0.126925,0.850620
10354.jpg,0.144413,0.648422,0.207164
10355.jpg,0.105751,0.828959,0.065290
10356.jpg,0.022525,0.223516,0.753959
10357.jpg,0.521916,0.473033,0.005050
10358.jpg,0.491317,0.258177,0.250506
10359.jpg,0.034557,0.894883,0.070560
10360.jpg,0.169781,0.787920,0.042300
10361.jpg,0.026325,0.795593,0.178082
10362.jpg,0.079303,0.879169,0.041528
10363.jpg,0.062910,0.769486,0.167604
10364.jpg,0.557644,0.426861,0.015495
10365.jpg,0.143116,0.754443,0.102440
10366.jpg,0.035994,0.148946,0.815060
10367.jpg,0.788653,0.199532,0.011815
10368.jpg,0.019620,0.652079,0.328301
10369.jpg,0.056543,0.692061,0.251396
10370.jpg,0.862279,0.129851,0.007870
10371.jpg,0.793138,0.198148,0.008713
10372.jpg,0.053151,0.902839,0.044010
10373.jpg,0.167623,0.503187,0.329190
10374.jpg,0.045137,0.762215,0.192648
10375.jpg,0.069749,0.891775,0.038476
10376.jpg,0.745836,0.240981,0.013183
10377.jpg,0.012768,0.279699,0.707533
10378.jpg,0.015730,0.076422,0.907848
10379.jpg,0.018664,0.109355,0.871981
10380.jpg,0.197618,0.749718,0.052664
10381.jpg,0.032097,0.129366,0.838537
10382.jpg,0.261789,0.690665,0.047546
10383.jpg,0.104120,0.850836,0.045045
10384.jpg,0.679279,0.319084,0.001637
10385.jpg,0.882598,0.114743,0.002659
10386.jpg,0.037407,0.100353,0.862240
10387.jpg,0.047298,0.888003,0.064699
10388.jpg,0.116340,0.842388,0.041272
10389.jpg,0.025689,0.808723,0.165587
10390.jpg,0.079264,0.887961,0.032774
10391.jpg,0.021818,0.358540,0.619642
10392.jpg,0.057709,0.406584,0.535707
10393.jpg,0.027350,0.086118,0.886533
10394.jpg,0.013872,0.213815,0.772313
10395.jpg,0.062089,0.871982,0.065928
10396.jpg,0.729066,0.266993,0.003941
10397.jpg,0.046040,0.607699,0.346261
10398.jpg,0.541098,0.429045,0.029856
10399.jpg,0.012847,0.184008,0.803144
10400.jpg,0.109310,0.832274,0.058416
10401.jpg,0.253207,0.738074,0.008720
10402.jpg,0.898911,0.091151,0.009938
10403.jpg,0.010767,0.219974,0.769259
10404.jpg,0.064118,0.810533,0.125349
10405.jpg,0.841907,0.152774,0.005320
10406.jpg,0.111031,0.856137,0.032831
10407.jpg,0.757180,0.240801,0.002020
10408.jpg,0.313291,0.676312,0.010397
10409.jpg,0.163159,0.795710,0.041131
10410.jpg,0.090579,0.867454,0.041967
10411.jpg,0.056562,0.876018,0.067420
10412.jpg,0.122782,0.744276,0.132942
10413.jpg,0.057905,0.863493,0.078601
10414.jpg,0.047710,0.266441,0.685849
10415.jpg,0.148483,0.830918,0.020599
10416.jpg,0.028262,0.094939,0.876799
10417.jpg,0.315524,0.583652,0.100824
10418.jpg,0.039124,0.800075,0.160801
10419.jpg,0.036818,0.253446,0.709736
10420.jpg,0.822236,0.160093,0.017671
10421.jpg,0.105458,0.871182,0.023360
10422.jpg,0.123314,0.847163,0.029523
10423.jpg,0.114923,0.838249,0.046828
10424.jpg,0.015206,0.077307,0.907487
10425.jpg,0.231457,0.717007,0.051535
10426.jpg,0.058826,0.706532,0.234642
10427.jpg,0.035701,0.767991,0.196308
10428.jpg,0.010953,0.200343,0.788703
10429.jpg,0.156098,0.634812,0.209089
10430.jpg,0.052075,0.436274,0.511651
10431.jpg,0.673421,0.308761,0.017818
10432.jpg,0.016748,0.145257,0.837995
10433.jpg,0.046650,0.884419,0.068931
10434.jpg,0.019634,0.074193,0.906173
10435.jpg,0.027489,0.243117,0.729394
10436.jpg,0.060137,0.873830,0.066033
10437.jpg,0.085425,0.703356,0.211219
10438.jpg,0.022934,0.115410,0.861656
10439.jpg,0.059977,0.176631,0.763392
10440.jpg,0.112869,0.122842,0.764290
10441.jpg,0.018582,0.534914,0.446504
10442.jpg,0.013200,0.383711,0.603089
10443.jpg,0.014040,0.196882,0.789077
10444.jpg,0.068670,0.872361,0.058969
10445.jpg,0.724441,0.190059,0.085500
10446.jpg,0.804341,0.172662,0.022996
10447.jpg,0.070700,0.866452,0.062849
10448.jpg,0.043290,0.136132,0.820577
10449.jpg,0.098731,0.643731,0.257538
10450.jpg,0.141227,0.345157,0.513616
10451.jpg,0.788527,0.180912,0.030561
10452.jpg,0.069425,0.888248,0.042327
10453.jpg,0.334353,0.640343,0.025304
10454.jpg,0.171281,0.788629,0.040090
10455.jpg,0.137434,0.773866,0.088700
10456.jpg,0.107503,0.742108,0.150389
10457.jpg,0.047627,0.232875,0.719497
10458.jpg,0.279345,0.639880,0.080775
10459.jpg,0.019613,0.064083,0.916304
10460.jpg,0.357088,0.620552,0.022360
10461.jpg,0.761906,0.164238,0.073856
10462.jpg,0.056822,0.190614,0.752564
10463.jpg,0.054690,0.903466,0.041844
10464.jpg,0.012695,0.345454,0.641851
10465.jpg,0.011225,0.165779,0.822996
10466.jpg,0.144345,0.339157,0.516499
10467.jpg,0.311207,0.677290,0.011504
10468.jpg,0.129745,0.647984,0.222271
10469.jpg,0.018997,0.100943,0.880060
10470.jpg,0.262611,0.538105,0.199284
10471.jpg,0.045797,0.476398,0.477804
10472.jpg,0.425810,0.504254,0.069936
10473.jpg,0.044548,0.812022,0.143430
10474.jpg,0.034987,0.149461,0.815551
10475.jpg,0.194633,0.715087,0.090279
10476.jpg,0.039559,0.106099,0.854341
10477.jpg,0.026104,0.093232,0.880664
10478.jpg,0.044558,0.210948,0.744494
10479.jpg,0.198012,0.754915,0.047074
10480.jpg,0.032609,0.859650,0.107742
10481.jpg,0.048268,0.095595,0.856137
10482.jpg,0.113428,0.245808,0.640764
10483.jpg,0.109111,0.447111,0.443778
10484.jpg,0.046288,0.731240,0.222471
10485.jpg,0.047925,0.322823,0.629252
10486.jpg,0.220001,0.761340,0.018659
10487.jpg,0.592329,0.294806,0.112865
10488.jpg,0.039741,0.595896,0.364363
10489.jpg,0.131660,0.848035,0.020305
10490.jpg,0.097093,0.868634,0.034273
10491.jpg,0.839049,0.150741,0.010211
10492.jpg,0.071260,0.749340,0.179401
10493.jpg,0.095117,0.746690,0.158193
10494.jpg,0.082679,0.880959,0.036361
10495.jpg,0.471178,0.428174,0.100648
10496.jpg,0.059162,0.390967,0.549870
10497.jpg,0.028211,0.087668,0.884121
10498.jpg,0.010923,0.175656,0.813421
10499.jpg,0.065392,0.557996,0.376612
10500.jpg,0.021570,0.614929,0.363502
10501.jpg,0.153229,0.745946,0.100825
10502.jpg,0.063037,0.394780,0.542183
10503.jpg,0.023294,0.092516,0.884190
10504.jpg,0.134514,0.813995,0.051490
10505.jpg,0.019364,0.063231,0.917404
10506.jpg,0.831560,0.160836,0.007604
10507.jpg,0.024844,0.829835,0.145321
10508.jpg,0.150978,0.804789,0.044233
10509.jpg,0.064877,0.846988,0.088135
10510.jpg,0.014298,0.145519,0.840183
10511.jpg,0.032364,0.273978,0.693657
10512.jpg,0.021697,0.187670,0.790633
10513.jpg,0.220929,0.756585,0.022486
10514.jpg,0.629530,0.337708,0.032762
10515.jpg,0.095410,0.864102,0.040488
10516.jpg,0.043639,0.833124,0.123237
10517.jpg,0.027888,0.561259,0.410853
10518.jpg,0.032086,0.234593,0.733321
10519.jpg,0.077342,0.880391,0.042267
10520.jpg,0.042159,0.296202,0.661638
10521.jpg,0.052846,0.642959,0.304194
10522.jpg,0.086171,0.867697,0.046132
10523.jpg,0.019816,0.733086,0.247098
10524.jpg,0.816231,0.181631,0.002138
10525.jpg,0.013186,0.171308,0.815505
10526.jpg,0.196300,0.717226,0.086474
10527.jpg,0.028559,0.167872,0.803569
10528.jpg,0.121131,0.841867,0.037002
10529.jpg,0.047676,0.894325,0.057998
10530.jpg,0.076012,0.757643,0.166345
10531.jpg,0.021225,0.079795,0.898981
10532.jpg,0.777601,0.206452,0.015948
10533.jpg,0.011256,0.098981,0.889764
10534.jpg,0.430539,0.527079,0.042382
10535.jpg,0.376149,0.597795,0.026056
10536.jpg,0.070664,0.788147,0.141189
10537.jpg,0.748561,0.226046,0.025393
10538.jpg,0.100208,0.778197,0.121596
10539.jpg,0.123259,0.850809,0.025932
10540.jpg,0.021287,0.295998,0.682715
10541.jpg,0.142171,0.717937,0.139892
10542.jpg,0.373864,0.611141,0.014995
10543.jpg,0.609265,0.385854,0.004881
10544.jpg,0.813304,0.157204,0.029491
10545.jpg,0.882774,0.109419,0.007807
10546.jpg,0.088231,0.773387,0.138383
10547.jpg,0.038277,0.840936,0.120787
10548.jpg,0.097226,0.861156,0.041618
10549.jpg,0.020633,0.676546,0.302821
10550.jpg,0.060879,0.829048,0.110074
10551.jpg,0.016237,0.845787,0.137976
10552.jpg,0.065497,0.788344,0.146159
10553.jpg,0.031423,0.098591,0.869986
10554.jpg,0.069611,0.836503,0.093886
10555.jpg,0.096978,0.879327,0.023695
10556.jpg,0.019060,0.163530,0.817410
10557.jpg,0.366030,0.626951,0.007019
10558.jpg,0.039250,0.115000,0.845750
10559.jpg,0.017815,0.089160,0.893026
10560.jpg,0.334291,0.639136,0.026572
10561.jpg,0.015109,0.155737,0.829154
10562.jpg,0.014872,0.092111,0.893017
10563.jpg,0.025910,0.141219,0.832871
10564.jpg,0.217268,0.770698,0.012034
10565.jpg,0.289653,0.452018,0.258328
10566.jpg,0.722960,0.272604,0.004436
10567.jpg,0.122429,0.537097,0.340474
10568.jpg,0.027796,0.148512,0.823692
10569.jpg,0.067338,0.889228,0.043434
10570.jpg,0.105857,0.865610,0.028533
10571.jpg,0.017021,0.064034,0.918945
10572.jpg,0.038392,0.476919,0.484689
10573.jpg,0.032515,0.820247,0.147239
10574.jpg,0.307567,0.453971,0.238463
10575.jpg,0.059142,0.466392,0.474466
10576.jpg,0.060303,0.833241,0.106456
10577.jpg,0.210983,0.775245,0.013772
10578.jpg,0.029195,0.823025,0.147781
10579.jpg,0.017341,0.337481,0.645178
10580.jpg,0.549129,0.356147,0.094725
10581.jpg,0.075541,0.826318,0.098142
10582.jpg,0.328814,0.645328,0.025858
10583.jpg,0.016631,0.082280,0.901089
10584.jpg,0.015649,0.095553,0.888797
10585.jpg,0.039973,0.101408,0.858619
10586.jpg,0.080138,0.846053,0.073808
10587.jpg,0.369658,0.626702,0.003639
10588.jpg,0.172149,0.495724,0.332126
10589.jpg,0.810783,0.187798,0.001419
10590.jpg,0.332065,0.601507,0.066429
10591.jpg,0.042251,0.185256,0.772493
10592.jpg,0.055264,0.887292,0.057444
10593.jpg,0.026562,0.119465,0.853973
10594.jpg,0.611929,0.381381,0.006690
10595.jpg,0.028021,0.083991,0.887988
10596.jpg,0.276389,0.707977,0.015634
10597.jpg,0.091007,0.465105,0.443888
