image_name,Type_1,Type_2,Type_3
0.jpg,0.240834,0.743100,0.016066
1.jpg,0.076732,0.811922,0.111346
2.jpg,0.069089,0.904920,0.025991
3.jpg,0.003258,0.631616,0.365126
4.jpg,0.020011,0.092854,0.887135
5.jpg,0.112200,0.879551,0.008249
6.jpg,0.148315,0.829980,0.021705
7.jpg,0.006283,0.269513,0.724204
8.jpg,0.403573,0.563691,0.032736
9.jpg,0.092987,0.853959,0.053054
10.jpg,0.325383,0.667762,0.006854
11.jpg,0.017422,0.079164,0.903413
12.jpg,0.043717,0.144627,0.811656
13.jpg,0.019392,0.097472,0.883136
14.jpg,0.009083,0.692156,0.298761
15.jpg,0.071290,0.180700,0.748009
16.jpg,0.659175,0.233100,0.107725
17.jpg,0.521747,0.473863,0.004390
18.jpg,0.094591,0.872336,0.033073
19.jpg,0.021209,0.416861,0.561930
20.jpg,0.935397,0.058858,0.005745
21.jpg,0.115455,0.743346,0.141199
22.jpg,0.149302,0.837526,0.013172
23.jpg,0.538343,0.444993,0.016664
24.jpg,0.414836,0.574464,0.010700
25.jpg,0.122543,0.835219,0.042238
26.jpg,0.248382,0.745088,0.006530
27.jpg,0.024204,0.315001,0.660795
28.jpg,0.050688,0.796489,0.152823
29.jpg,0.015450,0.553301,0.431249
30.jpg,0.184646,0.733958,0.081396
31.jpg,0.504096,0.479063,0.016840
32.jpg,0.139971,0.419311,0.440718
33.jpg,0.415431,0.557123,0.027446
34.jpg,0.084248,0.819740,0.096012
35.jpg,0.018118,0.690064,0.291818
36.jpg,0.135784,0.835419,0.028797
37.jpg,0.333165,0.610031,0.056804
38.jpg,0.076831,0.908748,0.014421
39.jpg,0.095390,0.737285,0.167325
40.jpg,0.027007,0.150245,0.822748
41.jpg,0.004105,0.427401,0.568493
42.jpg,0.116835,0.811732,0.071433
43.jpg,0.010665,0.812978,0.176357
44.jpg,0.034223,0.769739,0.196037
45.jpg,0.019043,0.678636,0.302321
46.jpg,0.019184,0.149752,0.831064
47.jpg,0.309198,0.668142,0.022660
48.jpg,0.030187,0.068888,0.900924
49.jpg,0.019305,0.162298,0.818397
50.jpg,0.173460,0.213833,0.612706
51.jpg,0.933369,0.062136,0.004494
52.jpg,0.077842,0.312099,0.610060
53.jpg,0.036402,0.144744,0.818854
54.jpg,0.050589,0.352334,0.597077
55.jpg,0.198340,0.215361,0.586298
56.jpg,0.054145,0.896547,0.049308
57.jpg,0.272220,0.700828,0.026952
58.jpg,0.018652,0.502272,0.479075
59.jpg,0.812261,0.161306,0.026432
60.jpg,0.163158,0.356480,0.480363
61.jpg,0.380171,0.498966,0.120863
62.jpg,0.039330,0.214703,0.745967
63.jpg,0.117767,0.820415,0.061818
64.jpg,0.264649,0.722063,0.013288
65.jpg,0.749001,0.216741,0.034258
66.jpg,0.025511,0.103862,0.870627
67.jpg,0.021360,0.068471,0.910169
68.jpg,0.082037,0.865469,0.052494
69.jpg,0.119828,0.732259,0.147914
70.jpg,0.497576,0.454738,0.047686
71.jpg,0.151247,0.826974,0.021778
72.jpg,0.211920,0.756057,0.032023
73.jpg,0.466640,0.410789,0.122572
74.jpg,0.043481,0.234815,0.721705
75.jpg,0.191862,0.802916,0.005222
76.jpg,0.009276,0.137108,0.853616
77.jpg,0.085805,0.833784,0.080411
78.jpg,0.021356,0.063801,0.914842
79.jpg,0.326472,0.652745,0.020784
80.jpg,0.021044,0.290894,0.688063
81.jpg,0.018623,0.889276,0.092102
82.jpg,0.412988,0.552192,0.034820
83.jpg,0.024269,0.110316,0.865415
84.jpg,0.799034,0.175930,0.025035
85.jpg,0.145813,0.834927,0.019260
86.jpg,0.020409,0.051837,0.927754
87.jpg,0.020579,0.082928,0.896493
88.jpg,0.312706,0.659167,0.028127
89.jpg,0.043908,0.130881,0.825212
90.jpg,0.445772,0.520676,0.033552
91.jpg,0.204804,0.659270,0.135926
92.jpg,0.012790,0.172849,0.814361
93.jpg,0.064329,0.887632,0.048040
94.jpg,0.182799,0.777749,0.039452
95.jpg,0.047801,0.760351,0.191848
96.jpg,0.215685,0.775054,0.009261
97.jpg,0.007268,0.171531,0.821201
98.jpg,0.256053,0.685426,0.058521
99.jpg,0.024909,0.239543,0.735548
100.jpg,0.108213,0.870461,0.021326
101.jpg,0.691654,0.294811,0.013535
102.jpg,0.188870,0.713107,0.098023
103.jpg,0.273559,0.674357,0.052085
104.jpg,0.007900,0.319285,0.672815
105.jpg,0.018277,0.080715,0.901008
106.jpg,0.099517,0.853203,0.047280
107.jpg,0.073834,0.356500,0.569666
108.jpg,0.075252,0.513371,0.411377
109.jpg,0.047621,0.134361,0.818017
110.jpg,0.094487,0.872591,0.032922
111.jpg,0.428016,0.367135,0.204849
112.jpg,0.028668,0.462498,0.508834
113.jpg,0.104071,0.602213,0.293717
114.jpg,0.008717,0.320172,0.671112
115.jpg,0.033126,0.909567,0.057307
116.jpg,0.024238,0.126713,0.849049
117.jpg,0.089522,0.895227,0.015251
118.jpg,0.015534,0.090769,0.893696
119.jpg,0.383752,0.151182,0.465066
120.jpg,0.108263,0.851015,0.040722
121.jpg,0.090041,0.880663,0.029295
122.jpg,0.018505,0.094637,0.886858
123.jpg,0.519425,0.465575,0.015000
124.jpg,0.026868,0.089194,0.883937
125.jpg,0.004929,0.715477,0.279594
126.jpg,0.047180,0.889895,0.062925
127.jpg,0.055834,0.864028,0.080138
128.jpg,0.064370,0.887079,0.048552
129.jpg,0.102759,0.829428,0.067813
130.jpg,0.768414,0.228171,0.003414
131.jpg,0.029611,0.061010,0.909378
132.jpg,0.019861,0.613793,0.366346
133.jpg,0.021597,0.115325,0.863078
134.jpg,0.057591,0.896226,0.046183
135.jpg,0.111629,0.870961,0.017410
136.jpg,0.047455,0.900385,0.052160
137.jpg,0.142093,0.803215,0.054692
138.jpg,0.028700,0.605263,0.366037
139.jpg,0.040573,0.874674,0.084753
140.jpg,0.076043,0.889204,0.034752
141.jpg,0.080087,0.254558,0.665355
142.jpg,0.599399,0.386093,0.014507
143.jpg,0.021469,0.186289,0.792242
144.jpg,0.378017,0.615507,0.006476
145.jpg,0.011653,0.091388,0.896959
146.jpg,0.065043,0.871880,0.063077
147.jpg,0.097086,0.774817,0.128097
148.jpg,0.168901,0.770374,0.060726
149.jpg,0.040518,0.152151,0.807331
150.jpg,0.185205,0.778202,0.036593
151.jpg,0.176080,0.285040,0.538880
152.jpg,0.052556,0.895771,0.051673
153.jpg,0.009402,0.138361,0.852237
154.jpg,0.607523,0.386649,0.005828
155.jpg,0.097450,0.346086,0.556464
156.jpg,0.037893,0.733274,0.228833
157.jpg,0.151536,0.361943,0.486521
158.jpg,0.008798,0.219297,0.771905
159.jpg,0.100473,0.731682,0.167846
160.jpg,0.143763,0.843420,0.012817
161.jpg,0.093138,0.776460,0.130402
162.jpg,0.012710,0.425469,0.561821
163.jpg,0.071877,0.759724,0.168399
164.jpg,0.591210,0.269950,0.138840
165.jpg,0.859726,0.123078,0.017196
166.jpg,0.199759,0.350358,0.449883
167.jpg,0.017630,0.298266,0.684104
168.jpg,0.297799,0.598901,0.103300
169.jpg,0.095149,0.883104,0.021747
170.jpg,0.073572,0.893156,0.033271
171.jpg,0.005101,0.323365,0.671533
172.jpg,0.009973,0.398920,0.591107
173.jpg,0.020802,0.307229,0.671969
174.jpg,0.352760,0.624890,0.022350
175.jpg,0.136761,0.414132,0.449106
176.jpg,0.162796,0.705465,0.131739
177.jpg,0.081104,0.901176,0.017720
178.jpg,0.042708,0.315084,0.642208
179.jpg,0.278185,0.705957,0.015858
180.jpg,0.021322,0.380317,0.598361
181.jpg,0.047516,0.400988,0.551496
182.jpg,0.032827,0.073843,0.893330
183.jpg,0.107812,0.806781,0.085407
184.jpg,0.050104,0.116838,0.833057
185.jpg,0.046188,0.725638,0.228174
186.jpg,0.058086,0.906115,0.035799
187.jpg,0.092360,0.631454,0.276186
188.jpg,0.025606,0.159505,0.814889
189.jpg,0.022155,0.437033,0.540812
190.jpg,0.089383,0.900368,0.010249
191.jpg,0.022697,0.079277,0.898026
192.jpg,0.009150,0.601787,0.389063
193.jpg,0.861945,0.124604,0.013451
194.jpg,0.032109,0.622050,0.345840
195.jpg,0.120541,0.835013,0.044446
196.jpg,0.867132,0.128203,0.004666
197.jpg,0.210299,0.683759,0.105942
198.jpg,0.035113,0.243818,0.721069
199.jpg,0.019405,0.286541,0.694053
200.jpg,0.200199,0.785139,0.014661
201.jpg,0.050543,0.809519,0.139938
202.jpg,0.275432,0.676424,0.048144
203.jpg,0.254331,0.540766,0.204902
204.jpg,0.014710,0.085400,0.899890
205.jpg,0.045371,0.175444,0.779185
206.jpg,0.149255,0.693477,0.157268
207.jpg,0.024610,0.139424,0.835967
208.jpg,0.013397,0.127373,0.859230
209.jpg,0.017545,0.075136,0.907319
210.jpg,0.089559,0.387326,0.523115
211.jpg,0.579833,0.398076,0.022091
212.jpg,0.158588,0.774905,0.066508
213.jpg,0.010197,0.206976,0.782826
214.jpg,0.171128,0.800740,0.028132
215.jpg,0.128606,0.852596,0.018799
216.jpg,0.087690,0.881044,0.031266
217.jpg,0.308387,0.686785,0.004829
218.jpg,0.072343,0.906774,0.020882
219.jpg,0.063841,0.233740,0.702419
220.jpg,0.124897,0.796963,0.078140
221.jpg,0.023520,0.600769,0.375711
222.jpg,0.012145,0.463953,0.523902
223.jpg,0.029697,0.064886,0.905416
224.jpg,0.023308,0.059193,0.917499
225.jpg,0.037949,0.716265,0.245786
226.jpg,0.027298,0.410392,0.562310
227.jpg,0.050745,0.858801,0.090454
228.jpg,0.067330,0.864938,0.067732
229.jpg,0.100233,0.708833,0.190935
230.jpg,0.059245,0.782487,0.158268
231.jpg,0.892362,0.088959,0.018679
232.jpg,0.725661,0.227973,0.046366
233.jpg,0.182741,0.805056,0.012203
234.jpg,0.032389,0.167477,0.800135
235.jpg,0.114208,0.804448,0.081343
236.jpg,0.069913,0.834117,0.095970
237.jpg,0.030332,0.320352,0.649316
238.jpg,0.009365,0.150597,0.840039
239.jpg,0.051858,0.889827,0.058315
240.jpg,0.123374,0.145844,0.730781
241.jpg,0.564033,0.346049,0.089918
242.jpg,0.100922,0.729364,0.169714
243.jpg,0.694867,0.297238,0.007896
244.jpg,0.018086,0.160115,0.821799
245.jpg,0.301220,0.692250,0.006530
246.jpg,0.042781,0.863987,0.093232
247.jpg,0.046657,0.872708,0.080635
248.jpg,0.226923,0.371277,0.401800
249.jpg,0.250799,0.699929,0.049272
250.jpg,0.104385,0.831502,0.064113
251.jpg,0.080755,0.888853,0.030392
252.jpg,0.152574,0.683413,0.164013
253.jpg,0.145805,0.599929,0.254266
254.jpg,0.020360,0.084086,0.895554
255.jpg,0.078709,0.855187,0.066104
256.jpg,0.014792,0.135956,0.849253
257.jpg,0.061152,0.895298,0.043549
258.jpg,0.029020,0.503404,0.467576
259.jpg,0.039126,0.333177,0.627697
260.jpg,0.328258,0.553580,0.118162
261.jpg,0.696273,0.264984,0.038743
262.jpg,0.180980,0.767420,0.051600
263.jpg,0.092147,0.870755,0.037098
264.jpg,0.026744,0.152877,0.820379
265.jpg,0.013070,0.284560,0.702371
266.jpg,0.024846,0.102284,0.872870
267.jpg,0.480994,0.465592,0.053414
268.jpg,0.389095,0.601260,0.009645
269.jpg,0.649635,0.335225,0.015139
270.jpg,0.020826,0.056541,0.922633
271.jpg,0.056743,0.817426,0.125831
272.jpg,0.111227,0.831674,0.057098
273.jpg,0.049132,0.574345,0.376523
274.jpg,0.267643,0.627547,0.104810
275.jpg,0.041065,0.143366,0.815569
276.jpg,0.020452,0.373039,0.606509
277.jpg,0.167015,0.794118,0.038867
278.jpg,0.076754,0.580015,0.343230
279.jpg,0.028227,0.168841,0.802931
280.jpg,0.121942,0.845559,0.032499
281.jpg,0.033228,0.434661,0.532111
282.jpg,0.076826,0.875309,0.047865
283.jpg,0.027318,0.132135,0.840547
284.jpg,0.021425,0.103471,0.875104
285.jpg,0.658984,0.287557,0.053459
286.jpg,0.072688,0.857760,0.069552
287.jpg,0.005037,0.346198,0.648765
288.jpg,0.031865,0.872940,0.095195
289.jpg,0.841247,0.144061,0.014692
290.jpg,0.050978,0.869612,0.079410
291.jpg,0.297570,0.682732,0.019698
292.jpg,0.088911,0.850901,0.060188
293.jpg,0.567329,0.415858,0.016813
294.jpg,0.207827,0.714817,0.077356
295.jpg,0.213504,0.702400,0.084096
296.jpg,0.078207,0.896586,0.025207
297.jpg,0.171718,0.809649,0.018633
298.jpg,0.025947,0.184402,0.789651
299.jpg,0.115382,0.860543,0.024075
300.jpg,0.064861,0.911395,0.023744
301.jpg,0.100822,0.700192,0.198985
302.jpg,0.171095,0.306994,0.521911
303.jpg,0.146664,0.822699,0.030636
304.jpg,0.804988,0.165124,0.029888
305.jpg,0.024346,0.837215,0.138439
306.jpg,0.135955,0.486824,0.377221
307.jpg,0.018362,0.107639,0.873998
308.jpg,0.265660,0.695146,0.039194
309.jpg,0.020325,0.341154,0.638521
310.jpg,0.054577,0.261072,0.684351
311.jpg,0.026745,0.082756,0.890499
312.jpg,0.828013,0.164460,0.007528
313.jpg,0.015139,0.271731,0.713130
314.jpg,0.078433,0.871339,0.050229
315.jpg,0.201491,0.770982,0.027528
316.jpg,0.458835,0.455475,0.085690
317.jpg,0.876549,0.112651,0.010801
318.jpg,0.095889,0.875259,0.028852
319.jpg,0.007188,0.812938,0.179874
320.jpg,0.122081,0.803289,0.074630
321.jpg,0.136173,0.748159,0.115668
322.jpg,0.014911,0.713062,0.272027
323.jpg,0.026119,0.673270,0.300610
324.jpg,0.226978,0.760691,0.012331
325.jpg,0.048694,0.074318,0.876988
326.jpg,0.023539,0.064177,0.912284
327.jpg,0.050484,0.387417,0.562099
328.jpg,0.012208,0.312608,0.675184
329.jpg,0.019866,0.786539,0.193595
330.jpg,0.141851,0.844941,0.013207
331.jpg,0.896463,0.090515,0.013022
332.jpg,0.211176,0.490141,0.298683
333.jpg,0.020232,0.077303,0.902465
334.jpg,0.016669,0.088712,0.894619
335.jpg,0.022144,0.071978,0.905877
336.jpg,0.898560,0.082919,0.018521
337.jpg,0.025346,0.127892,0.846762
338.jpg,0.216630,0.658676,0.124694
339.jpg,0.030680,0.090195,0.879125
340.jpg,0.037033,0.874147,0.088820
341.jpg,0.096311,0.760857,0.142832
342.jpg,0.222335,0.413381,0.364284
343.jpg,0.021631,0.190612,0.787757
344.jpg,0.812965,0.180950,0.006085
345.jpg,0.264893,0.623539,0.111568
346.jpg,0.067917,0.820642,0.111441
347.jpg,0.100094,0.867468,0.032438
348.jpg,0.024544,0.726981,0.248476
349.jpg,0.109256,0.823866,0.066878
350.jpg,0.032086,0.613049,0.354865
351.jpg,0.041127,0.410256,0.548617
352.jpg,0.042663,0.705021,0.252316
353.jpg,0.020056,0.126355,0.853589
354.jpg,0.158459,0.830457,0.011084
355.jpg,0.759227,0.199691,0.041082
356.jpg,0.909566,0.087123,0.003311
357.jpg,0.024440,0.910073,0.065487
358.jpg,0.091846,0.875778,0.032376
359.jpg,0.028574,0.080734,0.890692
360.jpg,0.081219,0.894137,0.024644
361.jpg,0.126360,0.670462,0.203178
362.jpg,0.033231,0.744329,0.222441
363.jpg,0.154462,0.757358,0.088181
364.jpg,0.006003,0.210624,0.783373
365.jpg,0.078647,0.864701,0.056652
366.jpg,0.054725,0.125870,0.819405
367.jpg,0.787851,0.195857,0.016293
368.jpg,0.138728,0.814656,0.046617
369.jpg,0.056560,0.884024,0.059416
370.jpg,0.050273,0.865423,0.084303
371.jpg,0.648332,0.345382,0.006286
372.jpg,0.018042,0.104845,0.877112
373.jpg,0.149597,0.833095,0.017308
374.jpg,0.202651,0.570950,0.226399
375.jpg,0.152152,0.834443,0.013405
376.jpg,0.023003,0.085230,0.891767
377.jpg,0.064769,0.887898,0.047332
378.jpg,0.078800,0.299780,0.621419
379.jpg,0.010513,0.251700,0.737787
380.jpg,0.082047,0.616908,0.301045
381.jpg,0.314126,0.639203,0.046671
382.jpg,0.769596,0.228663,0.001741
383.jpg,0.400231,0.561796,0.037972
384.jpg,0.197958,0.447066,0.354976
385.jpg,0.062489,0.762943,0.174568
386.jpg,0.011332,0.102413,0.886256
387.jpg,0.032608,0.504844,0.462549
388.jpg,0.002732,0.476213,0.521055
389.jpg,0.108842,0.863372,0.027786
390.jpg,0.112997,0.807772,0.079231
391.jpg,0.011411,0.181204,0.807385
392.jpg,0.030211,0.707832,0.261957
393.jpg,0.043033,0.140437,0.816529
394.jpg,0.074580,0.849824,0.075596
395.jpg,0.183306,0.791394,0.025299
396.jpg,0.071360,0.880519,0.048120
397.jpg,0.179671,0.791456,0.028873
398.jpg,0.013630,0.182722,0.803647
399.jpg,0.156154,0.785920,0.057925
400.jpg,0.008554,0.186108,0.805338
401.jpg,0.044748,0.841678,0.113574
402.jpg,0.637484,0.359817,0.002699
403.jpg,0.364434,0.615707,0.019859
404.jpg,0.136442,0.841995,0.021562
405.jpg,0.094752,0.808427,0.096820
406.jpg,0.579763,0.418266,0.001971
407.jpg,0.074300,0.910369,0.015331
408.jpg,0.084256,0.734082,0.181662
409.jpg,0.054646,0.144037,0.801317
410.jpg,0.121455,0.512820,0.365726
411.jpg,0.118594,0.849465,0.031942
412.jpg,0.126432,0.770218,0.103349
413.jpg,0.038202,0.266945,0.694853
414.jpg,0.014099,0.238917,0.746984
415.jpg,0.065326,0.897576,0.037098
416.jpg,0.858937,0.127051,0.014012
417.jpg,0.178312,0.803473,0.018215
418.jpg,0.051659,0.123402,0.824939
419.jpg,0.510039,0.455650,0.034311
420.jpg,0.024222,0.355793,0.619985
421.jpg,0.052566,0.835014,0.112420
422.jpg,0.035416,0.318502,0.646082
423.jpg,0.027848,0.222885,0.749268
424.jpg,0.074774,0.467362,0.457864
425.jpg,0.016083,0.074478,0.909439
426.jpg,0.090271,0.201027,0.708701
427.jpg,0.043630,0.879771,0.076598
428.jpg,0.036151,0.205380,0.758469
429.jpg,0.039224,0.105390,0.855387
430.jpg,0.319680,0.584684,0.095636
431.jpg,0.891216,0.100757,0.008026
432.jpg,0.020398,0.073836,0.905766
433.jpg,0.032999,0.312137,0.654864
434.jpg,0.481654,0.505931,0.012415
435.jpg,0.028352,0.188959,0.782690
436.jpg,0.198135,0.734392,0.067473
437.jpg,0.722616,0.267210,0.010175
438.jpg,0.054301,0.897647,0.048052
439.jpg,0.023421,0.695024,0.281555
440.jpg,0.018645,0.095612,0.885743
441.jpg,0.163918,0.776988,0.059094
442.jpg,0.150686,0.836120,0.013194
443.jpg,0.046114,0.741854,0.212032
444.jpg,0.046085,0.830014,0.123901
445.jpg,0.389578,0.499030,0.111392
446.jpg,0.205563,0.647620,0.146817
447.jpg,0.050444,0.795710,0.153846
448.jpg,0.049865,0.820725,0.129410
449.jpg,0.559304,0.412460,0.028236
450.jpg,0.016649,0.142874,0.840477
451.jpg,0.028552,0.491575,0.479873
452.jpg,0.008443,0.267732,0.723825
453.jpg,0.532182,0.461574,0.006244
454.jpg,0.317017,0.550093,0.132890
455.jpg,0.096083,0.161555,0.742362
456.jpg,0.294400,0.696024,0.009576
457.jpg,0.629963,0.354350,0.015687
458.jpg,0.232854,0.746603,0.020542
459.jpg,0.092200,0.869392,0.038407
460.jpg,0.189169,0.663042,0.147789
461.jpg,0.243575,0.668340,0.088084
462.jpg,0.113815,0.650170,0.236015
463.jpg,0.073666,0.801557,0.124777
464.jpg,0.169406,0.815765,0.014829
465.jpg,0.051228,0.889648,0.059125
466.jpg,0.242253,0.747095,0.010652
467.jpg,0.817545,0.175712,0.006743
468.jpg,0.161006,0.615032,0.223961
469.jpg,0.013206,0.715050,0.271744
470.jpg,0.390115,0.600568,0.009317
471.jpg,0.132380,0.835952,0.031668
472.jpg,0.599365,0.372146,0.028489
473.jpg,0.021420,0.631912,0.346668
474.jpg,0.089512,0.428631,0.481857
475.jpg,0.058632,0.892642,0.048727
476.jpg,0.105224,0.871539,0.023237
477.jpg,0.528575,0.462463,0.008962
478.jpg,0.069300,0.869282,0.061418
479.jpg,0.018189,0.550092,0.431720
480.jpg,0.101775,0.691982,0.206243
481.jpg,0.018360,0.084353,0.897287
482.jpg,0.638281,0.312992,0.048727
483.jpg,0.366241,0.611315,0.022445
484.jpg,0.020088,0.331254,0.648658
485.jpg,0.037836,0.286813,0.675351
486.jpg,0.010351,0.659929,0.329719
487.jpg,0.738196,0.244620,0.017184
488.jpg,0.058950,0.819081,0.121970
489.jpg,0.218181,0.497201,0.284618
490.jpg,0.082456,0.837362,0.080182
491.jpg,0.035138,0.669989,0.294873
492.jpg,0.690388,0.269170,0.040442
493.jpg,0.419967,0.563847,0.016186
494.jpg,0.031855,0.828692,0.139454
495.jpg,0.083460,0.879390,0.037149
496.jpg,0.016822,0.358564,0.624614
497.jpg,0.102249,0.860012,0.037740
498.jpg,0.086060,0.586766,0.327175
499.jpg,0.014088,0.091005,0.894907
500.jpg,0.145489,0.815236,0.039275
501.jpg,0.728035,0.212342,0.059622
502.jpg,0.021071,0.186733,0.792196
503.jpg,0.032763,0.321138,0.646099
504.jpg,0.034461,0.079962,0.885577
505.jpg,0.143555,0.773165,0.083281
506.jpg,0.044782,0.603892,0.351326
507.jpg,0.310199,0.642855,0.046946
508.jpg,0.113414,0.624856,0.261730
509.jpg,0.066041,0.884433,0.049527
510.jpg,0.022587,0.299626,0.677786
511.jpg,0.022544,0.140277,0.837179
10000.jpg,0.116571,0.826544,0.056884
10001.jpg,0.054339,0.816095,0.129566
10002.jpg,0.021646,0.531047,0.447307
10003.jpg,0.856586,0.137959,0.005455
10004.jpg,0.079412,0.897891,0.022697
10005.jpg,0.126648,0.847799,0.025554
10006.jpg,0.009463,0.820110,0.170426
10007.jpg,0.426778,0.560879,0.012343
10008.jpg,0.274860,0.575206,0.149934
10009.jpg,0.152081,0.829118,0.018801
10010.jpg,0.026241,0.062825,0.910934
10011.jpg,0.015724,0.201983,0.782294
10012.jpg,0.065339,0.884890,0.049772
10013.jpg,0.034501,0.226032,0.739467
10014.jpg,0.100459,0.877040,0.022500
10015.jpg,0.070533,0.363333,0.566134
10016.jpg,0.026004,0.768702,0.205294
10017.jpg,0.004848,0.377798,0.617354
10018.jpg,0.080923,0.260113,0.658964
10019.jpg,0.073380,0.875116,0.051504
10020.jpg,0.032425,0.497865,0.469710
10021.jpg,0.022962,0.521967,0.455070
10022.jpg,0.259632,0.332019,0.408350
10023.jpg,0.055151,0.697874,0.246975
10024.jpg,0.025342,0.124835,0.849823
10025.jpg,0.142946,0.842000,0.015054
10026.jpg,0.160039,0.465397,0.374564
10027.jpg,0.043695,0.898683,0.057622
10028.jpg,0.005385,0.456135,0.538479
10029.jpg,0.696981,0.285352,0.017668
10030.jpg,0.056464,0.198869,0.744668
10031.jpg,0.057444,0.274928,0.667628
10032.jpg,0.056936,0.836948,0.106116
10033.jpg,0.061497,0.909582,0.028921
10034.jpg,0.043200,0.871039,0.085761
10035.jpg,0.011487,0.747364,0.241148
10036.jpg,0.196053,0.727499,0.076448
10037.jpg,0.369313,0.499758,0.130929
10038.jpg,0.056657,0.890640,0.052703
10039.jpg,0.924330,0.071868,0.003802
10040.jpg,0.081128,0.167173,0.751699
10041.jpg,0.140232,0.842604,0.017164
10042.jpg,0.066320,0.286705,0.646975
10043.jpg,0.078553,0.882721,0.038726
10044.jpg,0.128585,0.845824,0.025591
10045.jpg,0.302491,0.675861,0.021648
10046.jpg,0.439034,0.542455,0.018510
10047.jpg,0.362863,0.593057,0.044080
10048.jpg,0.104132,0.840085,0.055782
10049.jpg,0.031983,0.313988,0.654030
10050.jpg,0.056763,0.900014,0.043224
10051.jpg,0.006009,0.715780,0.278210
10052.jpg,0.011649,0.516529,0.471822
10053.jpg,0.045392,0.214432,0.740177
10054.jpg,0.022529,0.714285,0.263186
10055.jpg,0.260792,0.596509,0.142699
10056.jpg,0.069611,0.901461,0.028928
10057.jpg,0.139225,0.818824,0.041951
10058.jpg,0.786595,0.208521,0.004884
10059.jpg,0.002838,0.377414,0.619748
10060.jpg,0.465655,0.513708,0.020637
10061.jpg,0.094034,0.824386,0.081580
10062.jpg,0.016741,0.399865,0.583394
10063.jpg,0.102663,0.866885,0.030452
10064.jpg,0.145364,0.826856,0.027780
10065.jpg,0.335725,0.111975,0.552299
10066.jpg,0.018476,0.094976,0.886548
10067.jpg,0.398027,0.576029,0.025944
10068.jpg,0.219425,0.651533,0.129043
10069.jpg,0.719812,0.256879,0.023309
10070.jpg,0.235415,0.755438,0.009146
10071.jpg,0.088505,0.843276,0.068219
10072.jpg,0.003299,0.274151,0.722550
10073.jpg,0.114559,0.868139,0.017302
10074.jpg,0.114673,0.849044,0.036284
10075.jpg,0.177716,0.802361,0.019923
10076.jpg,0.013636,0.118595,0.867769
10077.jpg,0.065508,0.325014,0.609478
10078.jpg,0.607211,0.383715,0.009074
10079.jpg,0.023894,0.128942,0.847164
10080.jpg,0.108202,0.184356,0.707442
10081.jpg,0.674019,0.316538,0.009443
10082.jpg,0.122768,0.692082,0.185150
10083.jpg,0.028223,0.093117,0.878660
10084.jpg,0.654053,0.292655,0.053291
10085.jpg,0.174506,0.792583,0.032911
10086.jpg,0.044582,0.862357,0.093062
10087.jpg,0.072478,0.900975,0.026547
10088.jpg,0.065774,0.100744,0.833482
10089.jpg,0.009086,0.783086,0.207828
10090.jpg,0.134635,0.676862,0.188503
10091.jpg,0.045414,0.764133,0.190453
10092.jpg,0.102404,0.602947,0.294648
10093.jpg,0.095891,0.825919,0.078190
10094.jpg,0.075736,0.490929,0.433335
10095.jpg,0.004094,0.325031,0.670876
10096.jpg,0.608715,0.373446,0.017840
10097.jpg,0.167211,0.618853,0.213936
10098.jpg,0.170517,0.792107,0.037376
10099.jpg,0.124079,0.710434,0.165487
10100.jpg,0.011465,0.311723,0.676813
10101.jpg,0.158018,0.797925,0.044056
10102.jpg,0.120023,0.580132,0.299845
10103.jpg,0.019938,0.062407,0.917656
10104.jpg,0.061701,0.470554,0.467745
10105.jpg,0.034006,0.164856,0.801138
10106.jpg,0.013858,0.136042,0.850100
10107.jpg,0.014798,0.396978,0.588224
10108.jpg,0.100218,0.853469,0.046313
10109.jpg,0.007894,0.642827,0.349279
10110.jpg,0.031823,0.134771,0.833406
10111.jpg,0.251253,0.686385,0.062361
10112.jpg,0.029203,0.210828,0.759969
10113.jpg,0.051443,0.282230,0.666327
10114.jpg,0.186778,0.800357,0.012865
10115.jpg,0.022830,0.136573,0.840597
10116.jpg,0.288768,0.690509,0.020723
10117.jpg,0.470932,0.503928,0.025141
10118.jpg,0.178266,0.797898,0.023835
10119.jpg,0.621968,0.345020,0.033012
10120.jpg,0.740922,0.255780,0.003298
10121.jpg,0.069383,0.364850,0.565767
10122.jpg,0.063925,0.828881,0.107195
10123.jpg,0.434803,0.550121,0.015077
10124.jpg,0.147165,0.836186,0.016650
10125.jpg,0.047262,0.376141,0.576596
10126.jpg,0.051683,0.881636,0.066681
10127.jpg,0.027800,0.323633,0.648567
10128.jpg,0.201091,0.532079,0.266831
10129.jpg,0.037913,0.390406,0.571680
10130.jpg,0.062925,0.742505,0.194570
10131.jpg,0.084642,0.884681,0.030676
10132.jpg,0.324941,0.666209,0.008850
10133.jpg,0.081335,0.872509,0.046156
10134.jpg,0.018368,0.194241,0.787391
10135.jpg,0.012833,0.407972,0.579195
10136.jpg,0.690385,0.298035,0.011580
10137.jpg,0.163727,0.355122,0.481150
10138.jpg,0.111226,0.829736,0.059038
10139.jpg,0.027080,0.509338,0.463582
10140.jpg,0.082943,0.712103,0.204954
10141.jpg,0.396831,0.562303,0.040866
10142.jpg,0.091164,0.882548,0.026288
10143.jpg,0.025232,0.271244,0.703524
10144.jpg,0.066107,0.909639,0.024254
10145.jpg,0.091051,0.206843,0.702106
10146.jpg,0.073185,0.752172,0.174644
10147.jpg,0.034298,0.902565,0.063137
10148.jpg,0.026532,0.314476,0.658992
10149.jpg,0.015109,0.610439,0.374452
10150.jpg,0.086817,0.761562,0.151621
10151.jpg,0.063795,0.598833,0.337371
10152.jpg,0.006530,0.483386,0.510084
10153.jpg,0.024612,0.705066,0.270322
10154.jpg,0.903084,0.094410,0.002505
10155.jpg,0.084975,0.822298,0.092727
10156.jpg,0.097327,0.799761,0.102912
10157.jpg,0.736688,0.248022,0.015290
10158.jpg,0.210104,0.757735,0.032160
10159.jpg,0.925533,0.069153,0.005315
10160.jpg,0.035357,0.892318,0.072326
10161.jpg,0.021621,0.105928,0.872451
10162.jpg,0.876670,0.088904,0.034425
10163.jpg,0.047454,0.684925,0.267621
10164.jpg,0.056536,0.193053,0.750410
10165.jpg,0.018123,0.067462,0.914415
10166.jpg,0.614080,0.377826,0.008094
10167.jpg,0.082978,0.687467,0.229555
10168.jpg,0.042791,0.798362,0.158847
10169.jpg,0.429661,0.565615,0.004724
10170.jpg,0.034018,0.093493,0.872490
10171.jpg,0.788672,0.179337,0.031990
10172.jpg,0.015111,0.370167,0.614722
10173.jpg,0.083397,0.575606,0.340997
10174.jpg,0.030629,0.103484,0.865887
10175.jpg,0.529575,0.336365,0.134060
10176.jpg,0.081411,0.849390,0.069199
10177.jpg,0.080913,0.837224,0.081863
10178.jpg,0.124502,0.844792,0.030706
10179.jpg,0.021505,0.096179,0.882316
10180.jpg,0.085167,0.754583,0.160249
10181.jpg,0.010706,0.263083,0.726211
10182.jpg,0.265564,0.718232,0.016204
10183.jpg,0.024036,0.085929,0.890035
10184.jpg,0.161765,0.834122,0.004113
10185.jpg,0.032405,0.531251,0.436344
10186.jpg,0.512287,0.477031,0.010682
10187.jpg,0.056247,0.095775,0.847979
10188.jpg,0.018908,0.338955,0.642137
10189.jpg,0.029805,0.431724,0.538471
10190.jpg,0.352001,0.644504,0.003494
10191.jpg,0.643451,0.297250,0.059299
10192.jpg,0.033074,0.845872,0.121054
10193.jpg,0.931912,0.064862,0.003226
10194.jpg,0.094797,0.831615,0.073588
10195.jpg,0.010514,0.253826,0.735659
10196.jpg,0.148998,0.791917,0.059085
10197.jpg,0.154807,0.626841,0.218352
10198.jpg,0.450129,0.493169,0.056702
10199.jpg,0.341928,0.649188,0.008884
10200.jpg,0.067176,0.827716,0.105108
10201.jpg,0.049691,0.912340,0.037968
10202.jpg,0.008620,0.236549,0.754831
10203.jpg,0.005395,0.646530,0.348075
10204.jpg,0.027654,0.829711,0.142635
10205.jpg,0.670693,0.243820,0.085487
10206.jpg,0.144474,0.832825,0.022701
10207.jpg,0.141620,0.842062,0.016318
10208.jpg,0.060087,0.844186,0.095727
10209.jpg,0.040025,0.818183,0.141792
10210.jpg,0.033505,0.310578,0.655917
10211.jpg,0.056762,0.892665,0.050573
10212.jpg,0.184922,0.756184,0.058894
10213.jpg,0.415991,0.544994,0.039016
10214.jpg,0.067016,0.880291,0.052693
10215.jpg,0.035820,0.368020,0.596160
10216.jpg,0.080652,0.766535,0.152813
10217.jpg,0.120080,0.823201,0.056720
10218.jpg,0.057356,0.893098,0.049546
10219.jpg,0.907532,0.087037,0.005431
10220.jpg,0.055576,0.217176,0.727248
10221.jpg,0.676176,0.315041,0.008782
10222.jpg,0.018598,0.086669,0.894734
10223.jpg,0.024244,0.301685,0.674071
10224.jpg,0.096431,0.357081,0.546488
10225.jpg,0.023278,0.406703,0.570019
10226.jpg,0.023890,0.057477,0.918632
10227.jpg,0.001396,0.336002,0.662602
10228.jpg,0.187751,0.800772,0.011477
10229.jpg,0.072340,0.907090,0.020571
10230.jpg,0.193417,0.759588,0.046996
10231.jpg,0.055236,0.811828,0.132936
10232.jpg,0.015347,0.465177,0.519476
10233.jpg,0.834484,0.150402,0.015114
10234.jpg,0.106883,0.790296,0.102821
10235.jpg,0.139113,0.716077,0.144810
10236.jpg,0.026184,0.129848,0.843967
10237.jpg,0.008861,0.327095,0.664043
10238.jpg,0.141027,0.843882,0.015091
10239.jpg,0.053608,0.874448,0.071944
10240.jpg,0.025995,0.205722,0.768283
10241.jpg,0.062304,0.843474,0.094222
10242.jpg,0.134201,0.803038,0.062760
10243.jpg,0.721553,0.276571,0.001876
10244.jpg,0.017579,0.158476,0.823946
10245.jpg,0.026488,0.421133,0.552379
10246.jpg,0.090423,0.702493,0.207083
10247.jpg,0.849394,0.129462,0.021144
10248.jpg,0.136212,0.480628,0.383159
10249.jpg,0.057033,0.870649,0.072318
10250.jpg,0.024260,0.629108,0.346632
10251.jpg,0.177127,0.787305,0.035568
10252.jpg,0.069892,0.803274,0.126834
10253.jpg,0.244117,0.735356,0.020527
10254.jpg,0.011737,0.289715,0.698548
10255.jpg,0.054877,0.881374,0.063748
10256.jpg,0.041355,0.860256,0.098388
10257.jpg,0.016037,0.247400,0.736563
10258.jpg,0.041309,0.712535,0.246156
10259.jpg,0.021755,0.274097,0.704148
10260.jpg,0.068056,0.103344,0.828600
10261.jpg,0.220688,0.580919,0.198393
10262.jpg,0.088591,0.868594,0.042815
10263.jpg,0.274637,0.601471,0.123891
10264.jpg,0.077551,0.900215,0.022234
10265.jpg,0.004463,0.522447,0.473090
10266.jpg,0.064397,0.879397,0.056206
10267.jpg,0.149892,0.797157,0.052951
10268.jpg,0.273559,0.661466,0.064976
10269.jpg,0.323056,0.653990,0.022954
10270.jpg,0.843866,0.144809,0.011325
10271.jpg,0.262171,0.688772,0.049057
10272.jpg,0.048373,0.842287,0.109340
10273.jpg,0.049576,0.899488,0.050936
10274.jpg,0.894981,0.102798,0.002220
10275.jpg,0.807926,0.183523,0.008552
10276.jpg,0.075779,0.888576,0.035645
10277.jpg,0.343597,0.334513,0.321890
10278.jpg,0.438660,0.526539,0.034801
10279.jpg,0.007901,0.346741,0.645358
10280.jpg,0.063402,0.728467,0.208131
10281.jpg,0.615309,0.371754,0.012937
10282.jpg,0.184245,0.347696,0.468059
10283.jpg,0.214463,0.739389,0.046148
10284.jpg,0.010038,0.378517,0.611445
10285.jpg,0.015264,0.142608,0.842128
10286.jpg,0.084780,0.484096,0.431124
10287.jpg,0.058931,0.822849,0.118220
10288.jpg,0.020982,0.732240,0.246777
10289.jpg,0.002924,0.352284,0.644792
10290.jpg,0.027522,0.576057,0.396422
10291.jpg,0.132289,0.844346,0.023365
10292.jpg,0.009338,0.603175,0.387486
10293.jpg,0.354763,0.637256,0.007982
10294.jpg,0.246106,0.596399,0.157495
10295.jpg,0.060943,0.839323,0.099734
10296.jpg,0.050736,0.880329,0.068936
10297.jpg,0.705649,0.291103,0.003248
10298.jpg,0.281673,0.684243,0.034084
10299.jpg,0.089789,0.874836,0.035375
10300.jpg,0.479586,0.500940,0.019473
10301.jpg,0.042554,0.657511,0.299935
10302.jpg,0.007794,0.168347,0.823859
10303.jpg,0.118376,0.522790,0.358834
10304.jpg,0.016411,0.395823,0.587766
10305.jpg,0.755895,0.240722,0.003383
10306.jpg,0.084035,0.886530,0.029435
10307.jpg,0.648971,0.313433,0.037596
10308.jpg,0.042660,0.126304,0.831036
10309.jpg,0.021743,0.698425,0.279832
10310.jpg,0.006434,0.234961,0.758606
10311.jpg,0.058407,0.302938,0.638655
10312.jpg,0.110622,0.850546,0.038832
10313.jpg,0.026064,0.289629,0.684307
10314.jpg,0.062649,0.861831,0.075520
10315.jpg,0.027790,0.310904,0.661306
10316.jpg,0.013430,0.426380,0.560190
10317.jpg,0.067658,0.904023,0.028319
10318.jpg,0.037065,0.575504,0.387432
10319.jpg,0.061803,0.886007,0.052190
10320.jpg,0.080716,0.843740,0.075545
10321.jpg,0.090696,0.641793,0.267511
10322.jpg,0.026657,0.104906,0.868436
10323.jpg,0.012430,0.227069,0.760501
10324.jpg,0.036610,0.926845,0.036545
10325.jpg,0.204551,0.129949,0.665501
10326.jpg,0.046885,0.104548,0.848567
10327.jpg,0.260215,0.402051,0.337734
10328.jpg,0.062937,0.906933,0.030131
10329.jpg,0.125257,0.777506,0.097237
10330.jpg,0.027056,0.174084,0.798860
10331.jpg,0.128658,0.828038,0.043304
10332.jpg,0.027676,0.097694,0.874630
10333.jpg,0.027910,0.049454,0.922637
10334.jpg,0.177032,0.698678,0.124290
10335.jpg,0.159351,0.420191,0.420458
10336.jpg,0.377379,0.531633,0.090988
10337.jpg,0.153043,0.819734,0.027222
10338.jpg,0.082504,0.880563,0.036934
10339.jpg,0.644340,0.269059,0.086602
10340.jpg,0.890156,0.102385,0.007459
10341.jpg,0.339120,0.561993,0.098887
10342.jpg,0.061433,0.228795,0.709772
10343.jpg,0.338090,0.558909,0.103001
10344.jpg,0.062387,0.225782,0.711832
10345.jpg,0.006279,0.234530,0.759191
10346.jpg,0.034580,0.525821,0.439599
10347.jpg,0.056128,0.897751,0.046121
10348.jpg,0.008369,0.439182,0.552449
10349.jpg,0.166310,0.807561,0.026128
10350.jpg,0.078294,0.119110,0.802596
10351.jpg,0.153126,0.419720,0.427154
10352.jpg,0.590205,0.381463,0.028332
10353.jpg,0.021550,0.163436,0.815014
10354.jpg,0.093304,0.833080,0.073616
10355.jpg,0.117784,0.791607,0.090609
10356.jpg,0.015326,0.442059,0.542615
10357.jpg,0.634040,0.357862,0.008098
10358.jpg,0.537910,0.447060,0.015030
10359.jpg,0.040090,0.882715,0.077194
10360.jpg,0.218272,0.747435,0.034294
10361.jpg,0.058659,0.758824,0.182517
10362.jpg,0.116880,0.848606,0.034514
10363.jpg,0.128882,0.786010,0.085108
10364.jpg,0.553062,0.430292,0.016646
10365.jpg,0.277300,0.551411,0.171290
10366.jpg,0.023929,0.126869,0.849202
10367.jpg,0.689944,0.211260,0.098796
10368.jpg,0.011438,0.831796,0.156765
10369.jpg,0.082869,0.723220,0.193911
10370.jpg,0.763480,0.220258,0.016262
10371.jpg,0.725175,0.246560,0.028265
10372.jpg,0.052863,0.900502,0.046635
10373.jpg,0.064952,0.605668,0.329379
10374.jpg,0.021624,0.775599,0.202777
10375.jpg,0.105111,0.837954,0.056935
10376.jpg,0.730725,0.256691,0.012584
10377.jpg,0.020833,0.152684,0.826483
10378.jpg,0.021355,0.055354,0.923291
10379.jpg,0.016488,0.107215,0.876297
10380.jpg,0.153808,0.779418,0.066774
10381.jpg,0.023262,0.123924,0.852813
10382.jpg,0.231372,0.647324,0.121305
10383.jpg,0.099082,0.852343,0.048576
10384.jpg,0.802615,0.195929,0.001456
10385.jpg,0.916325,0.078432,0.005244
10386.jpg,0.033803,0.110939,0.855258
10387.jpg,0.069581,0.858983,0.071437
10388.jpg,0.165788,0.806685,0.027526
10389.jpg,0.029581,0.807575,0.162844
10390.jpg,0.053506,0.890818,0.055676
10391.jpg,0.011610,0.295550,0.692840
10392.jpg,0.064787,0.454747,0.480466
10393.jpg,0.028640,0.076847,0.894513
10394.jpg,0.032430,0.146921,0.820649
10395.jpg,0.128071,0.724540,0.147389
10396.jpg,0.890530,0.101489,0.007981
10397.jpg,0.034059,0.827278,0.138663
10398.jpg,0.331711,0.640263,0.028026
10399.jpg,0.013265,0.161426,0.825309
10400.jpg,0.106721,0.862979,0.030300
10401.jpg,0.370323,0.621102,0.008576
10402.jpg,0.873587,0.101575,0.024839
10403.jpg,0.013055,0.186147,0.800798
10404.jpg,0.143030,0.732488,0.124482
10405.jpg,0.917800,0.068610,0.013590
10406.jpg,0.102905,0.871003,0.026093
10407.jpg,0.829770,0.156549,0.013681
10408.jpg,0.387235,0.605956,0.006809
10409.jpg,0.204141,0.764273,0.031586
10410.jpg,0.155568,0.782810,0.061621
10411.jpg,0.072557,0.877434,0.050009
10412.jpg,0.156221,0.728060,0.115719
10413.jpg,0.197311,0.779381,0.023307
10414.jpg,0.067458,0.234168,0.698374
10415.jpg,0.201464,0.757854,0.040683
10416.jpg,0.030956,0.113282,0.855762
10417.jpg,0.122069,0.817566,0.060365
10418.jpg,0.026953,0.865340,0.107706
10419.jpg,0.013851,0.321638,0.664512
10420.jpg,0.790982,0.169232,0.039786
10421.jpg,0.131346,0.845466,0.023188
10422.jpg,0.143099,0.815433,0.041468
10423.jpg,0.109009,0.835273,0.055718
10424.jpg,0.021905,0.067637,0.910458
10425.jpg,0.314040,0.652499,0.033461
10426.jpg,0.136290,0.691082,0.172628
10427.jpg,0.010509,0.784903,0.204588
10428.jpg,0.012914,0.141086,0.846001
10429.jpg,0.062111,0.726785,0.211104
10430.jpg,0.024002,0.371348,0.604650
10431.jpg,0.755560,0.217855,0.026585
10432.jpg,0.020149,0.135231,0.844620
10433.jpg,0.049595,0.863952,0.086453
10434.jpg,0.012690,0.082263,0.905047
10435.jpg,0.047418,0.236117,0.716465
10436.jpg,0.081202,0.865441,0.053356
10437.jpg,0.021559,0.720118,0.258323
10438.jpg,0.015434,0.134772,0.849794
10439.jpg,0.069442,0.147340,0.783217
10440.jpg,0.076149,0.130158,0.793693
10441.jpg,0.043017,0.807179,0.149804
10442.jpg,0.007943,0.474311,0.517747
10443.jpg,0.015933,0.175805,0.808262
10444.jpg,0.070662,0.883273,0.046065
10445.jpg,0.662262,0.202510,0.135228
10446.jpg,0.617989,0.353014,0.028997
10447.jpg,0.210811,0.691532,0.097657
10448.jpg,0.015377,0.179419,0.805204
10449.jpg,0.326824,0.441609,0.231567
10450.jpg,0.184463,0.509695,0.305842
10451.jpg,0.705065,0.274759,0.020176
10452.jpg,0.044454,0.946326,0.009220
10453.jpg,0.226082,0.756883,0.017035
10454.jpg,0.130944,0.837195,0.031861
10455.jpg,0.108695,0.817711,0.073594
10456.jpg,0.058388,0.883256,0.058356
10457.jpg,0.039132,0.229999,0.730870
10458.jpg,0.177879,0.706100,0.116021
10459.jpg,0.020529,0.052097,0.927375
10460.jpg,0.446205,0.528444,0.025351
10461.jpg,0.709937,0.271940,0.018124
10462.jpg,0.050163,0.367260,0.582577
10463.jpg,0.055839,0.892078,0.052083
10464.jpg,0.037932,0.164899,0.797169
10465.jpg,0.003803,0.295669,0.700527
10466.jpg,0.128136,0.435874,0.435990
10467.jpg,0.587036,0.399215,0.013749
10468.jpg,0.067037,0.750732,0.182232
10469.jpg,0.024745,0.078370,0.896885
10470.jpg,0.120873,0.532866,0.346261
10471.jpg,0.012784,0.269424,0.717793
10472.jpg,0.492051,0.431499,0.076450
10473.jpg,0.022222,0.716028,0.261750
10474.jpg,0.047312,0.354136,0.598552
10475.jpg,0.167181,0.683127,0.149692
10476.jpg,0.096113,0.318655,0.585232
10477.jpg,0.022961,0.147157,0.829882
10478.jpg,0.023385,0.228654,0.747961
10479.jpg,0.155950,0.762465,0.081584
10480.jpg,0.045490,0.834067,0.120443
10481.jpg,0.035796,0.070333,0.893871
10482.jpg,0.110687,0.288978,0.600335
10483.jpg,0.044698,0.444962,0.510340
10484.jpg,0.035739,0.802911,0.161349
10485.jpg,0.029874,0.451870,0.518256
10486.jpg,0.218774,0.772996,0.008230
10487.jpg,0.288726,0.640330,0.070944
10488.jpg,0.019839,0.772178,0.207983
10489.jpg,0.062907,0.910098,0.026995
10490.jpg,0.065841,0.900579,0.033579
10491.jpg,0.835829,0.131314,0.032857
10492.jpg,0.136131,0.610249,0.253620
10493.jpg,0.140728,0.778698,0.080573
10494.jpg,0.084489,0.892907,0.022604
10495.jpg,0.185163,0.740107,0.074730
10496.jpg,0.032850,0.361814,0.605335
10497.jpg,0.026811,0.095815,0.877374
10498.jpg,0.015423,0.232904,0.751673
10499.jpg,0.051963,0.498824,0.449214
10500.jpg,0.030174,0.558174,0.411652
10501.jpg,0.130230,0.771240,0.098530
10502.jpg,0.042656,0.428894,0.528450
10503.jpg,0.024000,0.088765,0.887235
10504.jpg,0.116012,0.809753,0.074236
10505.jpg,0.019266,0.087003,0.893732
10506.jpg,0.703418,0.290341,0.006241
10507.jpg,0.015211,0.839198,0.145591
10508.jpg,0.151959,0.800933,0.047108
10509.jpg,0.088213,0.783870,0.127917
10510.jpg,0.023401,0.118044,0.858556
10511.jpg,0.032909,0.176359,0.790732
10512.jpg,0.017646,0.175264,0.807090
10513.jpg,0.212553,0.751375,0.036071
10514.jpg,0.368947,0.594907,0.036146
10515.jpg,0.131749,0.848317,0.019934
10516.jpg,0.020750,0.875852,0.103398
10517.jpg,0.030693,0.336304,0.633003
10518.jpg,0.049154,0.168358,0.782488
10519.jpg,0.081658,0.877566,0.040776
10520.jpg,0.046464,0.272066,0.681471
10521.jpg,0.042034,0.646768,0.311198
10522.jpg,0.076566,0.869953,0.053481
10523.jpg,0.107884,0.710175,0.181942
10524.jpg,0.891818,0.101461,0.006722
10525.jpg,0.048318,0.110420,0.841263
10526.jpg,0.152282,0.751529,0.096189
10527.jpg,0.020573,0.173145,0.806282
10528.jpg,0.090011,0.871991,0.037998
10529.jpg,0.067458,0.895167,0.037374
10530.jpg,0.057574,0.847828,0.094598
10531.jpg,0.006054,0.164007,0.829939
10532.jpg,0.716212,0.274017,0.009771
10533.jpg,0.007210,0.150679,0.842111
10534.jpg,0.269209,0.702388,0.028403
10535.jpg,0.478163,0.493734,0.028102
10536.jpg,0.059109,0.876390,0.064501
10537.jpg,0.690900,0.267322,0.041778
10538.jpg,0.064102,0.794792,0.141106
10539.jpg,0.045453,0.899128,0.055419
10540.jpg,0.038078,0.269657,0.692265
10541.jpg,0.173098,0.749988,0.076915
10542.jpg,0.831423,0.153070,0.015507
10543.jpg,0.725348,0.260081,0.014571
10544.jpg,0.605938,0.313623,0.080439
10545.jpg,0.826721,0.159231,0.014048
10546.jpg,0.149851,0.780015,0.070134
10547.jpg,0.039390,0.900525,0.060085
10548.jpg,0.267540,0.694913,0.037547
10549.jpg,0.021452,0.422351,0.556197
10550.jpg,0.054577,0.802217,0.143206
10551.jpg,0.031826,0.869293,0.098881
10552.jpg,0.072064,0.776000,0.151937
10553.jpg,0.023987,0.072614,0.903399
10554.jpg,0.055506,0.902466,0.042028
10555.jpg,0.077558,0.889126,0.033316
10556.jpg,0.011945,0.214183,0.773871
10557.jpg,0.673572,0.285122,0.041305
10558.jpg,0.037483,0.120518,0.841999
10559.jpg,0.014245,0.138214,0.847542
10560.jpg,0.198262,0.741109,0.060629
10561.jpg,0.025217,0.187608,0.787176
10562.jpg,0.016901,0.074496,0.908603
10563.jpg,0.027234,0.110385,0.862381
10564.jpg,0.261437,0.730125,0.008438
10565.jpg,0.359681,0.411664,0.228655
10566.jpg,0.879342,0.112033,0.008625
10567.jpg,0.107918,0.436127,0.455955
10568.jpg,0.089065,0.120183,0.790752
10569.jpg,0.065526,0.851831,0.082643
10570.jpg,0.065897,0.903262,0.030841
10571.jpg,0.018727,0.060250,0.921022
10572.jpg,0.040053,0.244783,0.715164
10573.jpg,0.033662,0.887242,0.079096
10574.jpg,0.289109,0.371492,0.339399
10575.jpg,0.053330,0.329598,0.617072
10576.jpg,0.043812,0.877148,0.079040
10577.jpg,0.147960,0.832375,0.019665
10578.jpg,0.027271,0.852386,0.120343
10579.jpg,0.017997,0.310313,0.671690
10580.jpg,0.427142,0.427725,0.145133
10581.jpg,0.058199,0.853501,0.088300
10582.jpg,0.162452,0.722951,0.114598
10583.jpg,0.015528,0.070836,0.913636
10584.jpg,0.015269,0.102041,0.882689
10585.jpg,0.038995,0.103366,0.857639
10586.jpg,0.094351,0.753671,0.151978
10587.jpg,0.410882,0.586156,0.002962
10588.jpg,0.079261,0.549648,0.371091
10589.jpg,0.884901,0.112830,0.002268
10590.jpg,0.585682,0.323691,0.090627
10591.jpg,0.037781,0.204780,0.757439
10592.jpg,0.048099,0.851444,0.100457
10593.jpg,0.030855,0.120085,0.849061
10594.jpg,0.716145,0.270677,0.013177
10595.jpg,0.016862,0.065995,0.917143
10596.jpg,0.198375,0.761855,0.039770
10597.jpg,0.079306,0.552087,0.368607
