image_name,Type_1,Type_2,Type_3
0.jpg,0.026592,0.770734,0.202674
1.jpg,0.078151,0.414944,0.506905
2.jpg,0.261329,0.704789,0.033882
3.jpg,0.001576,0.398036,0.600388
4.jpg,0.030650,0.273671,0.695679
5.jpg,0.050795,0.933608,0.015598
6.jpg,0.024198,0.958568,0.017233
7.jpg,0.035540,0.301991,0.662469
8.jpg,0.027178,0.968678,0.004144
9.jpg,0.015933,0.279350,0.704717
10.jpg,0.266002,0.729570,0.004428
11.jpg,0.003975,0.067380,0.928644
12.jpg,0.031613,0.145689,0.822699
13.jpg,0.039348,0.338802,0.621850
14.jpg,0.028296,0.697475,0.274229
15.jpg,0.052797,0.209102,0.738101
16.jpg,0.288270,0.658559,0.053171
17.jpg,0.378614,0.607912,0.013474
18.jpg,0.164243,0.830227,0.005530
19.jpg,0.036565,0.124528,0.838907
20.jpg,0.804360,0.170769,0.024871
21.jpg,0.065300,0.811894,0.122806
22.jpg,0.000269,0.995300,0.004432
23.jpg,0.663161,0.311274,0.025564
24.jpg,0.240492,0.647698,0.111810
25.jpg,0.098917,0.781070,0.120013
26.jpg,0.088676,0.910164,0.001159
27.jpg,0.004632,0.185762,0.809606
28.jpg,0.040854,0.600380,0.358767
29.jpg,0.003126,0.842116,0.154758
30.jpg,0.440208,0.473503,0.086290
31.jpg,0.438193,0.537924,0.023882
32.jpg,0.096962,0.289530,0.613508
33.jpg,0.544280,0.381997,0.073723
34.jpg,0.174170,0.534150,0.291681
35.jpg,0.021484,0.639053,0.339463
36.jpg,0.002078,0.997053,0.000869
37.jpg,0.441000,0.418478,0.140521
38.jpg,0.076102,0.282419,0.641478
39.jpg,0.128450,0.241415,0.630135
40.jpg,0.067506,0.252544,0.679950
41.jpg,0.017287,0.231968,0.750745
42.jpg,0.039232,0.785477,0.175292
43.jpg,0.060812,0.812328,0.126860
44.jpg,0.171700,0.448613,0.379687
45.jpg,0.011915,0.127960,0.860125
46.jpg,0.120934,0.494128,0.384938
47.jpg,0.642972,0.345887,0.011141
48.jpg,0.081095,0.751329,0.167576
49.jpg,0.007690,0.056187,0.936123
50.jpg,0.127766,0.154888,0.717346
51.jpg,0.912020,0.085022,0.002959
52.jpg,0.020714,0.096768,0.882518
53.jpg,0.017628,0.142184,0.840188
54.jpg,0.002921,0.126823,0.870256
55.jpg,0.059268,0.137367,0.803365
56.jpg,0.054378,0.873361,0.072261
57.jpg,0.295575,0.568670,0.135755
58.jpg,0.004970,0.777880,0.217150
59.jpg,0.555030,0.407628,0.037342
60.jpg,0.054589,0.249889,0.695522
61.jpg,0.029589,0.904768,0.065644
62.jpg,0.062998,0.297254,0.639748
63.jpg,0.028663,0.853904,0.117433
64.jpg,0.357140,0.635179,0.007681
65.jpg,0.519434,0.418285,0.062281
66.jpg,0.032352,0.148922,0.818726
67.jpg,0.004626,0.075163,0.920211
68.jpg,0.017912,0.947834,0.034254
69.jpg,0.318664,0.558010,0.123325
70.jpg,0.396078,0.571155,0.032767
71.jpg,0.105481,0.750140,0.144379
72.jpg,0.012445,0.974538,0.013017
73.jpg,0.284764,0.510805,0.204431
74.jpg,0.030036,0.443517,0.526447
75.jpg,0.021714,0.977937,0.000350
76.jpg,0.012739,0.033953,0.953307
77.jpg,0.047987,0.750330,0.201683
78.jpg,0.009184,0.124487,0.866328
79.jpg,0.711203,0.285492,0.003305
80.jpg,0.031229,0.275973,0.692798
81.jpg,0.030606,0.398483,0.570912
82.jpg,0.234341,0.707326,0.058333
83.jpg,0.030703,0.159761,0.809536
84.jpg,0.922365,0.073508,0.004127
85.jpg,0.012726,0.965238,0.022036
86.jpg,0.012566,0.028412,0.959022
87.jpg,0.020924,0.177361,0.801715
88.jpg,0.132229,0.754856,0.112914
89.jpg,0.017498,0.410290,0.572212
90.jpg,0.232757,0.725692,0.041551
91.jpg,0.245920,0.696853,0.057226
92.jpg,0.020472,0.229595,0.749933
93.jpg,0.040898,0.911285,0.047817
94.jpg,0.137776,0.775686,0.086538
95.jpg,0.053978,0.389982,0.556040
96.jpg,0.802992,0.152361,0.044648
97.jpg,0.116760,0.579609,0.303632
98.jpg,0.010759,0.984068,0.005173
99.jpg,0.006989,0.436771,0.556240
100.jpg,0.019444,0.977428,0.003128
101.jpg,0.136887,0.715935,0.147178
102.jpg,0.259205,0.598539,0.142256
103.jpg,0.444742,0.283630,0.271628
104.jpg,0.001297,0.193648,0.805054
105.jpg,0.001889,0.036443,0.961668
106.jpg,0.119261,0.393632,0.487107
107.jpg,0.001290,0.117321,0.881389
108.jpg,0.009717,0.852250,0.138033
109.jpg,0.013682,0.214528,0.771790
110.jpg,0.005407,0.973275,0.021318
111.jpg,0.062187,0.854130,0.083683
112.jpg,0.001382,0.541724,0.456894
113.jpg,0.011557,0.575625,0.412818
114.jpg,0.078178,0.176651,0.745171
115.jpg,0.024224,0.657732,0.318045
116.jpg,0.017984,0.161431,0.820585
117.jpg,0.089747,0.767863,0.142391
118.jpg,0.025998,0.090298,0.883705
119.jpg,0.269347,0.603171,0.127482
120.jpg,0.010198,0.967210,0.022592
121.jpg,0.036542,0.926708,0.036751
122.jpg,0.018309,0.163942,0.817750
123.jpg,0.516170,0.456041,0.027789
124.jpg,0.011210,0.077145,0.911644
125.jpg,0.001536,0.102161,0.896303
126.jpg,0.000031,0.999516,0.000453
127.jpg,0.089803,0.739066,0.171131
128.jpg,0.011089,0.982986,0.005926
129.jpg,0.032081,0.940866,0.027052
130.jpg,0.609449,0.339129,0.051423
131.jpg,0.011969,0.050578,0.937452
132.jpg,0.033565,0.336344,0.630091
133.jpg,0.005183,0.086909,0.907908
134.jpg,0.004271,0.983897,0.011832
135.jpg,0.591900,0.333785,0.074315
136.jpg,0.006664,0.980113,0.013222
137.jpg,0.365346,0.519710,0.114944
138.jpg,0.166084,0.532940,0.300976
139.jpg,0.064271,0.876581,0.059148
140.jpg,0.010391,0.964356,0.025253
141.jpg,0.019020,0.155330,0.825650
142.jpg,0.395283,0.589183,0.015534
143.jpg,0.004169,0.129531,0.866300
144.jpg,0.039747,0.959165,0.001088
145.jpg,0.099155,0.266167,0.634678
146.jpg,0.015722,0.982173,0.002105
147.jpg,0.013352,0.930111,0.056537
148.jpg,0.098394,0.611929,0.289677
149.jpg,0.088492,0.339442,0.572066
150.jpg,0.176137,0.823301,0.000562
151.jpg,0.011963,0.326117,0.661920
152.jpg,0.000340,0.980595,0.019065
153.jpg,0.002951,0.085350,0.911699
154.jpg,0.328126,0.647817,0.024057
155.jpg,0.046164,0.605639,0.348197
156.jpg,0.043799,0.910293,0.045908
157.jpg,0.010265,0.807431,0.182304
158.jpg,0.007893,0.168283,0.823824
159.jpg,0.020174,0.952643,0.027183
160.jpg,0.008862,0.990470,0.000668
161.jpg,0.043800,0.523722,0.432478
162.jpg,0.026558,0.347172,0.626271
163.jpg,0.027557,0.781130,0.191313
164.jpg,0.133101,0.457251,0.409648
165.jpg,0.829626,0.167680,0.002694
166.jpg,0.226635,0.431287,0.342078
167.jpg,0.108890,0.228146,0.662965
168.jpg,0.032586,0.491652,0.475762
169.jpg,0.141795,0.674301,0.183904
170.jpg,0.019194,0.833598,0.147208
171.jpg,0.111503,0.216184,0.672313
172.jpg,0.012599,0.206792,0.780610
173.jpg,0.029597,0.184359,0.786044
174.jpg,0.189181,0.462944,0.347875
175.jpg,0.073837,0.298682,0.627481
176.jpg,0.009257,0.879755,0.110988
177.jpg,0.001762,0.993071,0.005167
178.jpg,0.110681,0.138411,0.750908
179.jpg,0.199462,0.761130,0.039408
180.jpg,0.025395,0.867160,0.107445
181.jpg,0.079303,0.512624,0.408074
182.jpg,0.015644,0.172493,0.811863
183.jpg,0.139414,0.655105,0.205481
184.jpg,0.016430,0.235938,0.747632
185.jpg,0.080357,0.412781,0.506862
186.jpg,0.001402,0.984955,0.013643
187.jpg,0.076312,0.735731,0.187957
188.jpg,0.303359,0.511884,0.184758
189.jpg,0.179883,0.435087,0.385030
190.jpg,0.017898,0.968094,0.014008
191.jpg,0.017581,0.143719,0.838699
192.jpg,0.042290,0.257256,0.700455
193.jpg,0.578083,0.388821,0.033096
194.jpg,0.034911,0.444032,0.521057
195.jpg,0.072325,0.732598,0.195078
196.jpg,0.528502,0.429890,0.041607
197.jpg,0.308385,0.480057,0.211558
198.jpg,0.014268,0.216087,0.769645
199.jpg,0.083827,0.530519,0.385654
200.jpg,0.039781,0.946449,0.013770
201.jpg,0.048314,0.931034,0.020652
202.jpg,0.182203,0.426083,0.391714
203.jpg,0.039531,0.858142,0.102326
204.jpg,0.012424,0.188888,0.798687
205.jpg,0.020734,0.209930,0.769336
206.jpg,0.417640,0.544507,0.037853
207.jpg,0.054911,0.839068,0.106021
208.jpg,0.036622,0.412138,0.551240
209.jpg,0.008346,0.053399,0.938255
210.jpg,0.097666,0.396384,0.505949
211.jpg,0.593250,0.331449,0.075300
212.jpg,0.013327,0.903867,0.082806
213.jpg,0.008397,0.161095,0.830507
214.jpg,0.268290,0.415304,0.316407
215.jpg,0.009133,0.990082,0.000785
216.jpg,0.000714,0.997967,0.001319
217.jpg,0.124322,0.858715,0.016963
218.jpg,0.023478,0.789786,0.186736
219.jpg,0.041761,0.627811,0.330429
220.jpg,0.007694,0.989227,0.003080
221.jpg,0.073326,0.350946,0.575728
222.jpg,0.002109,0.815127,0.182764
223.jpg,0.021985,0.073748,0.904267
224.jpg,0.015229,0.078620,0.906151
225.jpg,0.021262,0.888518,0.090220
226.jpg,0.014464,0.212026,0.773510
227.jpg,0.000735,0.998825,0.000440
228.jpg,0.000983,0.980007,0.019009
229.jpg,0.017837,0.924455,0.057708
230.jpg,0.050153,0.511059,0.438789
231.jpg,0.977913,0.021160,0.000926
232.jpg,0.297791,0.410145,0.292064
233.jpg,0.236518,0.756656,0.006827
234.jpg,0.024596,0.217884,0.757521
235.jpg,0.036586,0.931189,0.032226
236.jpg,0.037116,0.637260,0.325624
237.jpg,0.096433,0.172005,0.731562
238.jpg,0.030060,0.258547,0.711393
239.jpg,0.000549,0.994163,0.005289
240.jpg,0.197531,0.455104,0.347366
241.jpg,0.047140,0.774953,0.177907
242.jpg,0.085540,0.869864,0.044596
243.jpg,0.878395,0.119471,0.002134
244.jpg,0.019692,0.470673,0.509635
245.jpg,0.196280,0.803308,0.000412
246.jpg,0.001183,0.991671,0.007146
247.jpg,0.119897,0.155443,0.724660
248.jpg,0.038750,0.788104,0.173146
249.jpg,0.673823,0.280196,0.045981
250.jpg,0.020774,0.276584,0.702642
251.jpg,0.027618,0.894184,0.078198
252.jpg,0.075474,0.704799,0.219726
253.jpg,0.059478,0.864831,0.075692
254.jpg,0.002492,0.049488,0.948020
255.jpg,0.003578,0.918622,0.077800
256.jpg,0.028945,0.138448,0.832607
257.jpg,0.009046,0.983000,0.007954
258.jpg,0.009798,0.213256,0.776946
259.jpg,0.106325,0.294148,0.599527
260.jpg,0.269671,0.708647,0.021681
261.jpg,0.475203,0.415417,0.109380
262.jpg,0.223209,0.704104,0.072687
263.jpg,0.023824,0.785393,0.190782
264.jpg,0.102570,0.160558,0.736872
265.jpg,0.008900,0.191176,0.799923
266.jpg,0.002752,0.082274,0.914975
267.jpg,0.411377,0.398158,0.190465
268.jpg,0.148561,0.730599,0.120841
269.jpg,0.717615,0.279684,0.002700
270.jpg,0.005917,0.054977,0.939105
271.jpg,0.171264,0.248175,0.580561
272.jpg,0.057587,0.725758,0.216655
273.jpg,0.012388,0.481299,0.506313
274.jpg,0.119140,0.873300,0.007560
275.jpg,0.003170,0.046418,0.950412
276.jpg,0.010578,0.582436,0.406985
277.jpg,0.012836,0.935596,0.051567
278.jpg,0.002844,0.973859,0.023296
279.jpg,0.055252,0.375546,0.569202
280.jpg,0.006754,0.939644,0.053603
281.jpg,0.001995,0.174755,0.823249
282.jpg,0.067584,0.764599,0.167818
283.jpg,0.007416,0.273437,0.719148
284.jpg,0.003958,0.096746,0.899296
285.jpg,0.543342,0.386548,0.070110
286.jpg,0.001460,0.988868,0.009672
287.jpg,0.009946,0.107795,0.882260
288.jpg,0.010301,0.936201,0.053498
289.jpg,0.674279,0.316452,0.009269
290.jpg,0.022575,0.792982,0.184443
291.jpg,0.423248,0.570299,0.006452
292.jpg,0.084410,0.586121,0.329469
293.jpg,0.630764,0.309122,0.060114
294.jpg,0.018656,0.914818,0.066526
295.jpg,0.007722,0.986766,0.005512
296.jpg,0.027276,0.909754,0.062970
297.jpg,0.189048,0.472048,0.338903
298.jpg,0.125134,0.133099,0.741767
299.jpg,0.065928,0.925658,0.008414
300.jpg,0.014453,0.972511,0.013036
301.jpg,0.018696,0.610648,0.370656
302.jpg,0.058649,0.513587,0.427764
303.jpg,0.094117,0.869915,0.035968
304.jpg,0.794270,0.165590,0.040139
305.jpg,0.010157,0.270967,0.718876
306.jpg,0.060313,0.752920,0.186767
307.jpg,0.017103,0.076991,0.905907
308.jpg,0.501083,0.491143,0.007774
309.jpg,0.009006,0.433291,0.557703
310.jpg,0.003306,0.428843,0.567851
311.jpg,0.006860,0.046853,0.946287
312.jpg,0.640828,0.348353,0.010819
313.jpg,0.055763,0.573040,0.371197
314.jpg,0.003135,0.971921,0.024944
315.jpg,0.299729,0.589210,0.111061
316.jpg,0.581874,0.313210,0.104917
317.jpg,0.243780,0.525239,0.230981
318.jpg,0.142926,0.748993,0.108081
319.jpg,0.005261,0.656317,0.338422
320.jpg,0.027850,0.911293,0.060857
321.jpg,0.224474,0.541011,0.234515
322.jpg,0.011341,0.690617,0.298041
323.jpg,0.042458,0.330815,0.626727
324.jpg,0.088371,0.909047,0.002582
325.jpg,0.058920,0.247409,0.693671
326.jpg,0.000638,0.012303,0.987059
327.jpg,0.006666,0.262868,0.730466
328.jpg,0.033276,0.618346,0.348378
329.jpg,0.028339,0.885775,0.085886
330.jpg,0.051544,0.947619,0.000836
331.jpg,0.438292,0.547869,0.013839
332.jpg,0.017204,0.286624,0.696172
333.jpg,0.002572,0.011477,0.985951
334.jpg,0.002067,0.058165,0.939768
335.jpg,0.012000,0.323953,0.664047
336.jpg,0.962203,0.037341,0.000456
337.jpg,0.002314,0.832890,0.164796
338.jpg,0.039813,0.956710,0.003478
339.jpg,0.021010,0.148176,0.830814
340.jpg,0.025078,0.805599,0.169323
341.jpg,0.057615,0.652205,0.290180
342.jpg,0.117658,0.245629,0.636713
343.jpg,0.036828,0.158237,0.804934
344.jpg,0.748954,0.200424,0.050621
345.jpg,0.706541,0.249155,0.044304
346.jpg,0.063679,0.849479,0.086842
347.jpg,0.032377,0.930299,0.037324
348.jpg,0.006147,0.604866,0.388987
349.jpg,0.133333,0.817529,0.049137
350.jpg,0.022214,0.752222,0.225564
351.jpg,0.012661,0.543243,0.444096
352.jpg,0.096138,0.832477,0.071385
353.jpg,0.003306,0.036336,0.960358
354.jpg,0.028242,0.969066,0.002693
355.jpg,0.837718,0.150506,0.011776
356.jpg,0.874671,0.124202,0.001127
357.jpg,0.010752,0.306024,0.683224
358.jpg,0.121364,0.790678,0.087958
359.jpg,0.102083,0.163285,0.734633
360.jpg,0.002215,0.996254,0.001531
361.jpg,0.404893,0.523575,0.071532
362.jpg,0.002370,0.920426,0.077205
363.jpg,0.281019,0.376850,0.342131
364.jpg,0.066722,0.522542,0.410736
365.jpg,0.024435,0.821248,0.154317
366.jpg,0.015580,0.086565,0.897856
367.jpg,0.229294,0.740890,0.029816
368.jpg,0.047148,0.568024,0.384828
369.jpg,0.012536,0.566304,0.421160
370.jpg,0.098326,0.759487,0.142186
371.jpg,0.489099,0.493798,0.017103
372.jpg,0.008231,0.172255,0.819514
373.jpg,0.169691,0.797411,0.032898
374.jpg,0.045627,0.554283,0.400091
375.jpg,0.083166,0.848528,0.068306
376.jpg,0.105854,0.482498,0.411648
377.jpg,0.019153,0.901230,0.079617
378.jpg,0.013478,0.733675,0.252847
379.jpg,0.046410,0.500034,0.453557
380.jpg,0.007416,0.536483,0.456100
381.jpg,0.199289,0.660597,0.140114
382.jpg,0.886417,0.111444,0.002139
383.jpg,0.162756,0.762216,0.075028
384.jpg,0.027283,0.261112,0.711605
385.jpg,0.013957,0.914228,0.071815
386.jpg,0.002074,0.017961,0.979965
387.jpg,0.024384,0.689833,0.285783
388.jpg,0.030435,0.238092,0.731473
389.jpg,0.002073,0.995673,0.002253
390.jpg,0.012492,0.922335,0.065172
391.jpg,0.012885,0.294783,0.692332
392.jpg,0.027338,0.853745,0.118918
393.jpg,0.104470,0.520882,0.374648
394.jpg,0.043224,0.691912,0.264864
395.jpg,0.151165,0.384715,0.464119
396.jpg,0.008203,0.988865,0.002931
397.jpg,0.231994,0.667910,0.100097
398.jpg,0.011055,0.216899,0.772046
399.jpg,0.048102,0.175439,0.776458
400.jpg,0.033949,0.297432,0.668619
401.jpg,0.017408,0.969125,0.013467
402.jpg,0.118509,0.858191,0.023300
403.jpg,0.305287,0.391151,0.303562
404.jpg,0.187407,0.741333,0.071260
405.jpg,0.045075,0.952772,0.002154
406.jpg,0.641146,0.348214,0.010640
407.jpg,0.278696,0.711159,0.010146
408.jpg,0.038625,0.508456,0.452919
409.jpg,0.009079,0.466137,0.524783
410.jpg,0.016208,0.842898,0.140893
411.jpg,0.099063,0.626525,0.274412
412.jpg,0.197734,0.578657,0.223609
413.jpg,0.016941,0.085978,0.897080
414.jpg,0.001994,0.011734,0.986272
415.jpg,0.670550,0.322565,0.006884
416.jpg,0.557981,0.402143,0.039876
417.jpg,0.533652,0.459822,0.006527
418.jpg,0.021592,0.167407,0.811001
419.jpg,0.267846,0.508203,0.223951
420.jpg,0.005488,0.251138,0.743373
421.jpg,0.224162,0.523711,0.252127
422.jpg,0.008130,0.131243,0.860628
423.jpg,0.051136,0.229620,0.719244
424.jpg,0.038050,0.660978,0.300972
425.jpg,0.001943,0.018126,0.979931
426.jpg,0.135374,0.415788,0.448837
427.jpg,0.038228,0.671018,0.290753
428.jpg,0.036521,0.259992,0.703487
429.jpg,0.008681,0.061279,0.930040
430.jpg,0.088219,0.631764,0.280017
431.jpg,0.673622,0.325786,0.000592
432.jpg,0.002185,0.077789,0.920026
433.jpg,0.008174,0.080499,0.911326
434.jpg,0.281415,0.627308,0.091277
435.jpg,0.006011,0.107080,0.886910
436.jpg,0.187242,0.702426,0.110333
437.jpg,0.685217,0.272961,0.041823
438.jpg,0.007978,0.977797,0.014225
439.jpg,0.000711,0.995251,0.004038
440.jpg,0.013449,0.060609,0.925942
441.jpg,0.006910,0.905364,0.087726
442.jpg,0.074275,0.887180,0.038546
443.jpg,0.025099,0.454900,0.520001
444.jpg,0.166817,0.454501,0.378682
445.jpg,0.110159,0.260905,0.628936
446.jpg,0.378751,0.531399,0.089851
447.jpg,0.034916,0.223532,0.741551
448.jpg,0.001577,0.944830,0.053593
449.jpg,0.183933,0.730734,0.085334
450.jpg,0.022711,0.775056,0.202233
451.jpg,0.020482,0.919620,0.059898
452.jpg,0.024547,0.374579,0.600874
453.jpg,0.331658,0.636287,0.032055
454.jpg,0.273958,0.684007,0.042036
455.jpg,0.165073,0.531062,0.303865
456.jpg,0.159121,0.836343,0.004536
457.jpg,0.725691,0.238928,0.035381
458.jpg,0.005814,0.979538,0.014648
459.jpg,0.165097,0.798526,0.036377
460.jpg,0.102093,0.445276,0.452631
461.jpg,0.138771,0.426118,0.435110
462.jpg,0.071535,0.509846,0.418619
463.jpg,0.060408,0.445856,0.493736
464.jpg,0.104082,0.873245,0.022673
465.jpg,0.001627,0.995960,0.002413
466.jpg,0.006951,0.987308,0.005741
467.jpg,0.091582,0.776720,0.131698
468.jpg,0.072229,0.883098,0.044673
469.jpg,0.029531,0.607974,0.362495
470.jpg,0.078078,0.898993,0.022929
471.jpg,0.110190,0.820494,0.069316
472.jpg,0.318993,0.574423,0.106583
473.jpg,0.005481,0.952329,0.042190
474.jpg,0.057903,0.845143,0.096953
475.jpg,0.279046,0.554830,0.166125
476.jpg,0.181908,0.594764,0.223329
477.jpg,0.565468,0.418769,0.015763
478.jpg,0.105987,0.700340,0.193673
479.jpg,0.052912,0.295290,0.651798
480.jpg,0.276418,0.421314,0.302268
481.jpg,0.001594,0.024647,0.973759
482.jpg,0.633733,0.365944,0.000323
483.jpg,0.770766,0.213289,0.015945
484.jpg,0.249519,0.313696,0.436785
485.jpg,0.050841,0.722375,0.226784
486.jpg,0.075984,0.405990,0.518026
487.jpg,0.205622,0.788655,0.005723
488.jpg,0.129867,0.769890,0.100243
489.jpg,0.071418,0.153942,0.774640
490.jpg,0.048417,0.473075,0.478508
491.jpg,0.033662,0.315950,0.650388
492.jpg,0.696979,0.262720,0.040301
493.jpg,0.202460,0.722376,0.075164
494.jpg,0.004833,0.840835,0.154331
495.jpg,0.036195,0.916428,0.047377
496.jpg,0.046376,0.630907,0.322716
497.jpg,0.035538,0.943904,0.020558
498.jpg,0.049194,0.306733,0.644073
499.jpg,0.013226,0.074097,0.912677
500.jpg,0.031292,0.773107,0.195601
501.jpg,0.257880,0.735829,0.006292
502.jpg,0.009236,0.305695,0.685068
503.jpg,0.004707,0.538545,0.456748
504.jpg,0.066495,0.205246,0.728258
505.jpg,0.041952,0.952749,0.005299
506.jpg,0.121525,0.825740,0.052735
507.jpg,0.356741,0.485745,0.157514
508.jpg,0.030036,0.771937,0.198028
509.jpg,0.000567,0.998930,0.000503
510.jpg,0.037513,0.376312,0.586175
511.jpg,0.038556,0.164901,0.796543
