image_name,Type_1,Type_2,Type_3
0.jpg,0.531604,0.380918,0.087478
1.jpg,0.025569,0.884268,0.090163
2.jpg,0.368724,0.620505,0.010771
3.jpg,0.022055,0.129083,0.848862
4.jpg,0.001912,0.027856,0.970232
5.jpg,0.040547,0.958888,0.000565
6.jpg,0.021597,0.974230,0.004173
7.jpg,0.003078,0.029623,0.967300
8.jpg,0.236118,0.763663,0.000219
9.jpg,0.013265,0.880106,0.106629
10.jpg,0.803698,0.194990,0.001312
11.jpg,0.000055,0.000438,0.999507
12.jpg,0.018233,0.179286,0.802481
13.jpg,0.016149,0.037337,0.946514
14.jpg,0.005940,0.361290,0.632770
15.jpg,0.012514,0.139627,0.847859
16.jpg,0.434393,0.527070,0.038537
17.jpg,0.452015,0.542549,0.005436
18.jpg,0.015615,0.979643,0.004743
19.jpg,0.036447,0.033255,0.930298
20.jpg,0.847405,0.150309,0.002287
21.jpg,0.065513,0.882941,0.051546
22.jpg,0.002047,0.982067,0.015885
23.jpg,0.599845,0.395557,0.004598
24.jpg,0.387216,0.600684,0.012100
25.jpg,0.072952,0.878366,0.048683
26.jpg,0.313291,0.686594,0.000115
27.jpg,0.005462,0.922538,0.072000
28.jpg,0.027261,0.358362,0.614377
29.jpg,0.006479,0.619805,0.373716
30.jpg,0.125909,0.834977,0.039114
31.jpg,0.434926,0.564258,0.000816
32.jpg,0.677738,0.220908,0.101354
33.jpg,0.905720,0.082639,0.011641
34.jpg,0.297980,0.253331,0.448689
35.jpg,0.003596,0.724952,0.271452
36.jpg,0.000269,0.999417,0.000314
37.jpg,0.526240,0.434801,0.038959
38.jpg,0.018777,0.376731,0.604493
39.jpg,0.138238,0.816517,0.045244
40.jpg,0.011851,0.037127,0.951022
41.jpg,0.033482,0.354883,0.611635
42.jpg,0.044007,0.832561,0.123432
43.jpg,0.019158,0.447737,0.533105
44.jpg,0.072705,0.532607,0.394688
45.jpg,0.001404,0.036580,0.962017
46.jpg,0.011718,0.174969,0.813313
47.jpg,0.218412,0.775837,0.005751
48.jpg,0.026771,0.207075,0.766154
49.jpg,0.002917,0.017301,0.979782
50.jpg,0.008734,0.177165,0.814101
51.jpg,0.982607,0.017359,0.000034
52.jpg,0.043217,0.298901,0.657883
53.jpg,0.011408,0.102111,0.886481
54.jpg,0.012259,0.197561,0.790180
55.jpg,0.033693,0.017826,0.948481
56.jpg,0.100953,0.891828,0.007220
57.jpg,0.823350,0.070294,0.106357
58.jpg,0.041225,0.501221,0.457553
59.jpg,0.814979,0.182356,0.002664
60.jpg,0.177391,0.448884,0.373725
61.jpg,0.063081,0.934954,0.001966
62.jpg,0.007420,0.095712,0.896868
63.jpg,0.073652,0.893046,0.033302
64.jpg,0.073249,0.903996,0.022755
65.jpg,0.909997,0.075226,0.014777
66.jpg,0.025039,0.069804,0.905156
67.jpg,0.002386,0.013678,0.983936
68.jpg,0.028144,0.971187,0.000670
69.jpg,0.101913,0.162265,0.735822
70.jpg,0.576893,0.422497,0.000610
71.jpg,0.129728,0.861129,0.009142
72.jpg,0.006599,0.993030,0.000371
73.jpg,0.477978,0.482485,0.039537
74.jpg,0.057760,0.161159,0.781081
75.jpg,0.219224,0.780707,0.000069
76.jpg,0.001215,0.001239,0.997546
77.jpg,0.079645,0.742828,0.177528
78.jpg,0.000926,0.013611,0.985463
79.jpg,0.852037,0.145796,0.002166
80.jpg,0.050803,0.298556,0.650642
81.jpg,0.005141,0.046728,0.948131
82.jpg,0.520476,0.425810,0.053714
83.jpg,0.002139,0.027457,0.970403
84.jpg,0.728544,0.238923,0.032533
85.jpg,0.036245,0.963628,0.000127
86.jpg,0.000634,0.000947,0.998419
87.jpg,0.003643,0.023719,0.972638
88.jpg,0.080755,0.827141,0.092103
89.jpg,0.028235,0.262686,0.709079
90.jpg,0.665101,0.324863,0.010036
91.jpg,0.803568,0.092413,0.104019
92.jpg,0.000202,0.074056,0.925742
93.jpg,0.014227,0.985648,0.000125
94.jpg,0.004165,0.897484,0.098351
95.jpg,0.035775,0.858936,0.105290
96.jpg,0.904948,0.093012,0.002039
97.jpg,0.023971,0.112732,0.863297
98.jpg,0.045535,0.952150,0.002316
99.jpg,0.006652,0.322493,0.670855
100.jpg,0.055985,0.943209,0.000806
101.jpg,0.693915,0.285028,0.021058
102.jpg,0.633256,0.284343,0.082400
103.jpg,0.203186,0.747712,0.049101
104.jpg,0.002231,0.080926,0.916843
105.jpg,0.001652,0.016026,0.982322
106.jpg,0.069859,0.760197,0.169943
107.jpg,0.002929,0.879400,0.117671
108.jpg,0.001420,0.753487,0.245092
109.jpg,0.008787,0.175940,0.815273
110.jpg,0.013931,0.972323,0.013746
111.jpg,0.161276,0.819576,0.019148
112.jpg,0.010465,0.864373,0.125162
113.jpg,0.001852,0.612778,0.385371
114.jpg,0.038998,0.617655,0.343348
115.jpg,0.018355,0.633628,0.348017
116.jpg,0.015703,0.236089,0.748207
117.jpg,0.086255,0.180399,0.733346
118.jpg,0.000840,0.072651,0.926508
119.jpg,0.313210,0.477552,0.209238
120.jpg,0.002565,0.993461,0.003975
121.jpg,0.012629,0.985222,0.002149
122.jpg,0.005702,0.126583,0.867715
123.jpg,0.824234,0.171645,0.004120
124.jpg,0.005827,0.021983,0.972191
125.jpg,0.007504,0.224688,0.767808
126.jpg,0.001244,0.986947,0.011808
127.jpg,0.048323,0.741031,0.210646
128.jpg,0.002588,0.994285,0.003127
129.jpg,0.091714,0.900728,0.007559
130.jpg,0.936211,0.063053,0.000736
131.jpg,0.016585,0.135192,0.848223
132.jpg,0.002009,0.104253,0.893738
133.jpg,0.012803,0.071218,0.915979
134.jpg,0.003825,0.993313,0.002862
135.jpg,0.030758,0.865704,0.103539
136.jpg,0.029705,0.934857,0.035438
137.jpg,0.451175,0.527894,0.020931
138.jpg,0.202304,0.484034,0.313663
139.jpg,0.034265,0.865571,0.100163
140.jpg,0.034105,0.956413,0.009482
141.jpg,0.021271,0.176125,0.802603
142.jpg,0.643371,0.356052,0.000577
143.jpg,0.049985,0.136610,0.813405
144.jpg,0.001254,0.998533,0.000212
145.jpg,0.009609,0.027245,0.963146
146.jpg,0.019125,0.980697,0.000177
147.jpg,0.003925,0.979562,0.016514
148.jpg,0.021985,0.854117,0.123898
149.jpg,0.007580,0.165737,0.826683
150.jpg,0.270575,0.729213,0.000213
151.jpg,0.001423,0.439083,0.559494
152.jpg,0.003053,0.996676,0.000271
153.jpg,0.000043,0.003469,0.996488
154.jpg,0.079203,0.917830,0.002966
155.jpg,0.043516,0.893025,0.063459
156.jpg,0.103192,0.858372,0.038437
157.jpg,0.000461,0.955549,0.043990
158.jpg,0.009921,0.142198,0.847881
159.jpg,0.147826,0.819942,0.032231
160.jpg,0.000441,0.999388,0.000171
161.jpg,0.414399,0.382530,0.203071
162.jpg,0.002526,0.046724,0.950749
163.jpg,0.023590,0.337636,0.638773
164.jpg,0.115664,0.789973,0.094363
165.jpg,0.989286,0.010694,0.000020
166.jpg,0.072962,0.874426,0.052612
167.jpg,0.019855,0.084532,0.895613
168.jpg,0.153158,0.408258,0.438584
169.jpg,0.265885,0.694029,0.040086
170.jpg,0.135686,0.849699,0.014615
171.jpg,0.001168,0.008007,0.990825
172.jpg,0.117041,0.523160,0.359799
173.jpg,0.024947,0.548132,0.426922
174.jpg,0.499565,0.476391,0.024044
175.jpg,0.003364,0.050374,0.946262
176.jpg,0.075973,0.825016,0.099011
177.jpg,0.000261,0.998721,0.001018
178.jpg,0.005742,0.048894,0.945364
179.jpg,0.250235,0.746536,0.003229
180.jpg,0.025153,0.850401,0.124446
181.jpg,0.001710,0.070615,0.927675
182.jpg,0.001638,0.102253,0.896109
183.jpg,0.327122,0.522028,0.150850
184.jpg,0.010939,0.031601,0.957460
185.jpg,0.085556,0.472914,0.441531
186.jpg,0.002098,0.997372,0.000529
187.jpg,0.109232,0.687464,0.203304
188.jpg,0.512791,0.085763,0.401446
189.jpg,0.020436,0.228193,0.751371
190.jpg,0.011257,0.988622,0.000121
191.jpg,0.000198,0.073546,0.926256
192.jpg,0.007254,0.063982,0.928764
193.jpg,0.790816,0.196664,0.012520
194.jpg,0.079623,0.488551,0.431827
195.jpg,0.226304,0.685728,0.087967
196.jpg,0.858624,0.058024,0.083352
197.jpg,0.059939,0.931428,0.008633
198.jpg,0.005024,0.340285,0.654690
199.jpg,0.094751,0.116902,0.788347
200.jpg,0.486671,0.510563,0.002765
201.jpg,0.109518,0.798677,0.091804
202.jpg,0.542770,0.362795,0.094435
203.jpg,0.143716,0.621846,0.234439
204.jpg,0.003446,0.058162,0.938392
205.jpg,0.018345,0.348908,0.632747
206.jpg,0.014989,0.969307,0.015704
207.jpg,0.007280,0.194619,0.798101
208.jpg,0.005548,0.025775,0.968676
209.jpg,0.006539,0.005215,0.988246
210.jpg,0.143635,0.499110,0.357256
211.jpg,0.927461,0.070803,0.001735
212.jpg,0.070150,0.883972,0.045879
213.jpg,0.012165,0.252441,0.735394
214.jpg,0.186241,0.359688,0.454071
215.jpg,0.044234,0.922232,0.033535
216.jpg,0.004018,0.994714,0.001268
217.jpg,0.001675,0.996057,0.002269
218.jpg,0.472344,0.208303,0.319353
219.jpg,0.174913,0.378297,0.446790
220.jpg,0.492825,0.506846,0.000329
221.jpg,0.011209,0.190867,0.797924
222.jpg,0.011958,0.230087,0.757955
223.jpg,0.001238,0.007901,0.990862
224.jpg,0.063448,0.014066,0.922486
225.jpg,0.060626,0.867456,0.071919
226.jpg,0.011427,0.211961,0.776612
227.jpg,0.001304,0.996621,0.002075
228.jpg,0.002559,0.979512,0.017929
229.jpg,0.028146,0.955078,0.016776
230.jpg,0.020266,0.759567,0.220167
231.jpg,0.998715,0.001278,0.000007
232.jpg,0.773033,0.194583,0.032384
233.jpg,0.020773,0.963837,0.015390
234.jpg,0.023588,0.345439,0.630973
235.jpg,0.046720,0.776799,0.176481
236.jpg,0.024357,0.966627,0.009016
237.jpg,0.033684,0.267228,0.699088
238.jpg,0.000293,0.004206,0.995501
239.jpg,0.000580,0.997061,0.002359
240.jpg,0.221145,0.190387,0.588467
241.jpg,0.585759,0.300557,0.113684
242.jpg,0.136620,0.854484,0.008896
243.jpg,0.554422,0.444119,0.001459
244.jpg,0.000437,0.099013,0.900550
245.jpg,0.231229,0.768763,0.000008
246.jpg,0.001342,0.973070,0.025588
247.jpg,0.125174,0.606461,0.268364
248.jpg,0.077247,0.600713,0.322040
249.jpg,0.631721,0.339485,0.028795
250.jpg,0.031624,0.957429,0.010947
251.jpg,0.007015,0.992566,0.000418
252.jpg,0.513064,0.366846,0.120091
253.jpg,0.665781,0.262382,0.071838
254.jpg,0.001694,0.016302,0.982005
255.jpg,0.006471,0.963241,0.030288
256.jpg,0.018739,0.079138,0.902123
257.jpg,0.025902,0.965637,0.008461
258.jpg,0.003785,0.876095,0.120121
259.jpg,0.085234,0.335723,0.579044
260.jpg,0.911514,0.087727,0.000759
261.jpg,0.506003,0.386808,0.107188
262.jpg,0.096324,0.870802,0.032874
263.jpg,0.027110,0.971419,0.001471
264.jpg,0.000819,0.010587,0.988594
265.jpg,0.004233,0.831568,0.164199
266.jpg,0.002805,0.030930,0.966265
267.jpg,0.741696,0.174482,0.083822
268.jpg,0.911134,0.088264,0.000601
269.jpg,0.505919,0.493870,0.000211
270.jpg,0.000004,0.000724,0.999272
271.jpg,0.379261,0.418317,0.202421
272.jpg,0.729414,0.230444,0.040143
273.jpg,0.028790,0.782087,0.189124
274.jpg,0.109908,0.857869,0.032223
275.jpg,0.008527,0.007860,0.983614
276.jpg,0.011628,0.602709,0.385662
277.jpg,0.025639,0.973597,0.000764
278.jpg,0.034992,0.818632,0.146376
279.jpg,0.001826,0.227384,0.770790
280.jpg,0.026396,0.784957,0.188647
281.jpg,0.011094,0.179981,0.808925
282.jpg,0.008144,0.945186,0.046670
283.jpg,0.012826,0.291332,0.695842
284.jpg,0.004296,0.052868,0.942836
285.jpg,0.433308,0.564228,0.002465
286.jpg,0.002675,0.993830,0.003496
287.jpg,0.006909,0.031787,0.961304
288.jpg,0.027066,0.732090,0.240844
289.jpg,0.942918,0.055213,0.001869
290.jpg,0.007735,0.956369,0.035895
291.jpg,0.196331,0.735157,0.068511
292.jpg,0.017200,0.249958,0.732842
293.jpg,0.805636,0.162670,0.031694
294.jpg,0.014839,0.971048,0.014114
295.jpg,0.041520,0.956962,0.001518
296.jpg,0.001231,0.994388,0.004382
297.jpg,0.724019,0.275068,0.000913
298.jpg,0.017277,0.018920,0.963802
299.jpg,0.078691,0.920894,0.000415
300.jpg,0.001411,0.990459,0.008130
301.jpg,0.036082,0.901578,0.062340
302.jpg,0.004653,0.845187,0.150160
303.jpg,0.613704,0.379402,0.006894
304.jpg,0.909943,0.074139,0.015918
305.jpg,0.025081,0.817241,0.157677
306.jpg,0.166257,0.588842,0.244901
307.jpg,0.000195,0.006286,0.993519
308.jpg,0.918632,0.080781,0.000587
309.jpg,0.023125,0.340369,0.636505
310.jpg,0.010821,0.737195,0.251984
311.jpg,0.004090,0.097579,0.898331
312.jpg,0.991672,0.008191,0.000137
313.jpg,0.002711,0.052245,0.945043
314.jpg,0.021969,0.966652,0.011379
315.jpg,0.710558,0.242870,0.046571
316.jpg,0.820775,0.154940,0.024285
317.jpg,0.667907,0.312770,0.019323
318.jpg,0.069171,0.929981,0.000848
319.jpg,0.000973,0.339669,0.659357
320.jpg,0.049967,0.853855,0.096178
321.jpg,0.246098,0.312762,0.441140
322.jpg,0.240021,0.404108,0.355871
323.jpg,0.039044,0.374547,0.586409
324.jpg,0.146239,0.846767,0.006994
325.jpg,0.089882,0.066178,0.843939
326.jpg,0.003040,0.118543,0.878417
327.jpg,0.031019,0.413463,0.555519
328.jpg,0.005922,0.692177,0.301901
329.jpg,0.027978,0.340300,0.631721
330.jpg,0.379728,0.619449,0.000823
331.jpg,0.658598,0.339878,0.001524
332.jpg,0.014465,0.814620,0.170914
333.jpg,0.000025,0.001732,0.998244
334.jpg,0.007196,0.026539,0.966264
335.jpg,0.000899,0.001606,0.997496
336.jpg,0.983422,0.016382,0.000196
337.jpg,0.010058,0.335260,0.654683
338.jpg,0.142525,0.851063,0.006412
339.jpg,0.000569,0.036442,0.962989
340.jpg,0.030748,0.329159,0.640092
341.jpg,0.010527,0.922418,0.067056
342.jpg,0.153051,0.602632,0.244317
343.jpg,0.000916,0.101680,0.897403
344.jpg,0.990727,0.008441,0.000833
345.jpg,0.975070,0.018338,0.006592
346.jpg,0.006009,0.986829,0.007162
347.jpg,0.038611,0.839422,0.121967
348.jpg,0.010009,0.988291,0.001700
349.jpg,0.078194,0.775972,0.145833
350.jpg,0.014044,0.110608,0.875348
351.jpg,0.030461,0.249840,0.719699
352.jpg,0.048693,0.318378,0.632929
353.jpg,0.003921,0.117414,0.878664
354.jpg,0.096739,0.902978,0.000283
355.jpg,0.997931,0.002029,0.000041
356.jpg,0.999848,0.000152,0.000001
357.jpg,0.002984,0.832085,0.164931
358.jpg,0.259834,0.731146,0.009020
359.jpg,0.000537,0.002955,0.996507
360.jpg,0.095725,0.898550,0.005725
361.jpg,0.137376,0.704740,0.157884
362.jpg,0.015596,0.577749,0.406655
363.jpg,0.183699,0.716293,0.100008
364.jpg,0.006317,0.071979,0.921704
365.jpg,0.260530,0.712862,0.026608
366.jpg,0.018146,0.309323,0.672531
367.jpg,0.689904,0.308572,0.001523
368.jpg,0.021976,0.928841,0.049183
369.jpg,0.002148,0.982648,0.015204
370.jpg,0.119677,0.820055,0.060268
371.jpg,0.719451,0.271447,0.009103
372.jpg,0.003746,0.031872,0.964382
373.jpg,0.087619,0.911153,0.001228
374.jpg,0.012554,0.858615,0.128831
375.jpg,0.041769,0.956049,0.002182
376.jpg,0.004109,0.031141,0.964750
377.jpg,0.014459,0.792904,0.192637
378.jpg,0.046562,0.723784,0.229653
379.jpg,0.005438,0.403359,0.591203
380.jpg,0.039236,0.766977,0.193786
381.jpg,0.154223,0.680027,0.165749
382.jpg,0.998682,0.001311,0.000007
383.jpg,0.030050,0.929988,0.039962
384.jpg,0.300079,0.638386,0.061535
385.jpg,0.016960,0.964819,0.018221
386.jpg,0.001213,0.005191,0.993597
387.jpg,0.002411,0.285311,0.712277
388.jpg,0.002884,0.023634,0.973482
389.jpg,0.016137,0.982817,0.001045
390.jpg,0.003996,0.969784,0.026221
391.jpg,0.000018,0.006365,0.993618
392.jpg,0.071653,0.811205,0.117142
393.jpg,0.008870,0.030650,0.960480
394.jpg,0.020194,0.882845,0.096961
395.jpg,0.158300,0.755752,0.085948
396.jpg,0.110819,0.888671,0.000510
397.jpg,0.085838,0.868411,0.045751
398.jpg,0.000524,0.025099,0.974377
399.jpg,0.712293,0.221617,0.066090
400.jpg,0.001228,0.034943,0.963830
401.jpg,0.095299,0.715165,0.189535
402.jpg,0.471578,0.527177,0.001245
403.jpg,0.286398,0.643412,0.070190
404.jpg,0.139316,0.859589,0.001095
405.jpg,0.002820,0.997047,0.000133
406.jpg,0.977997,0.020074,0.001929
407.jpg,0.001454,0.998402,0.000145
408.jpg,0.202563,0.652082,0.145355
409.jpg,0.015691,0.786330,0.197979
410.jpg,0.195052,0.758596,0.046352
411.jpg,0.040888,0.945482,0.013630
412.jpg,0.063520,0.828332,0.108147
413.jpg,0.001868,0.089460,0.908672
414.jpg,0.001506,0.003023,0.995472
415.jpg,0.822917,0.176391,0.000692
416.jpg,0.845651,0.153430,0.000919
417.jpg,0.633191,0.358838,0.007970
418.jpg,0.021090,0.039591,0.939319
419.jpg,0.786126,0.191281,0.022592
420.jpg,0.035186,0.267499,0.697315
421.jpg,0.106033,0.146722,0.747245
422.jpg,0.076868,0.103560,0.819573
423.jpg,0.016270,0.252838,0.730892
424.jpg,0.037841,0.512955,0.449204
425.jpg,0.039867,0.028717,0.931417
426.jpg,0.075053,0.213275,0.711672
427.jpg,0.016383,0.931018,0.052599
428.jpg,0.006222,0.199194,0.794583
429.jpg,0.002870,0.024303,0.972828
430.jpg,0.048519,0.930178,0.021303
431.jpg,0.988912,0.011086,0.000002
432.jpg,0.007338,0.070193,0.922469
433.jpg,0.069687,0.796117,0.134196
434.jpg,0.259690,0.694030,0.046280
435.jpg,0.017736,0.202693,0.779572
436.jpg,0.354694,0.564883,0.080424
437.jpg,0.110941,0.888937,0.000122
438.jpg,0.001215,0.997657,0.001129
439.jpg,0.005880,0.572001,0.422119
440.jpg,0.009749,0.034363,0.955888
441.jpg,0.006169,0.983069,0.010762
442.jpg,0.302324,0.676905,0.020771
443.jpg,0.027524,0.435592,0.536885
444.jpg,0.018725,0.979972,0.001303
445.jpg,0.800431,0.159551,0.040018
446.jpg,0.379486,0.182200,0.438314
447.jpg,0.062843,0.349515,0.587642
448.jpg,0.005483,0.977248,0.017269
449.jpg,0.363467,0.625205,0.011328
450.jpg,0.000298,0.046186,0.953515
451.jpg,0.014907,0.910973,0.074120
452.jpg,0.000335,0.022189,0.977476
453.jpg,0.565766,0.412347,0.021887
454.jpg,0.127306,0.811986,0.060708
455.jpg,0.129732,0.253753,0.616515
456.jpg,0.223750,0.544629,0.231622
457.jpg,0.865883,0.133803,0.000314
458.jpg,0.067108,0.810038,0.122854
459.jpg,0.272912,0.725407,0.001682
460.jpg,0.036320,0.644508,0.319172
461.jpg,0.040363,0.424729,0.534909
462.jpg,0.192973,0.630494,0.176534
463.jpg,0.040261,0.552961,0.406778
464.jpg,0.002771,0.997051,0.000179
465.jpg,0.003092,0.989310,0.007598
466.jpg,0.073133,0.923651,0.003216
467.jpg,0.907727,0.091553,0.000720
468.jpg,0.308880,0.557375,0.133745
469.jpg,0.005952,0.591279,0.402768
470.jpg,0.342975,0.656569,0.000456
471.jpg,0.123452,0.870133,0.006415
472.jpg,0.394815,0.493544,0.111642
473.jpg,0.010367,0.953696,0.035937
474.jpg,0.066230,0.425437,0.508333
475.jpg,0.066383,0.893085,0.040532
476.jpg,0.010517,0.983470,0.006013
477.jpg,0.696673,0.297061,0.006266
478.jpg,0.039055,0.947256,0.013689
479.jpg,0.092532,0.414259,0.493209
480.jpg,0.256511,0.648216,0.095274
481.jpg,0.000017,0.000930,0.999053
482.jpg,0.999068,0.000931,0.000000
483.jpg,0.118942,0.366111,0.514947
484.jpg,0.189784,0.144118,0.666098
485.jpg,0.085607,0.698395,0.215998
486.jpg,0.003380,0.162601,0.834019
487.jpg,0.611367,0.376501,0.012132
488.jpg,0.247928,0.690448,0.061624
489.jpg,0.225389,0.328360,0.446250
490.jpg,0.003220,0.917650,0.079130
491.jpg,0.002047,0.926390,0.071564
492.jpg,0.815837,0.104368,0.079795
493.jpg,0.164568,0.819237,0.016195
494.jpg,0.010063,0.902848,0.087088
495.jpg,0.043074,0.864555,0.092371
496.jpg,0.042033,0.675434,0.282533
497.jpg,0.147837,0.709536,0.142627
498.jpg,0.253492,0.363153,0.383355
499.jpg,0.000178,0.003433,0.996389
500.jpg,0.032409,0.953831,0.013761
501.jpg,0.060057,0.921096,0.018847
502.jpg,0.004966,0.026127,0.968907
503.jpg,0.019413,0.517166,0.463422
504.jpg,0.002470,0.145696,0.851834
505.jpg,0.097142,0.774470,0.128388
506.jpg,0.095249,0.713317,0.191435
507.jpg,0.570287,0.158001,0.271713
508.jpg,0.513619,0.396458,0.089924
509.jpg,0.051148,0.947211,0.001641
510.jpg,0.006771,0.257428,0.735801
511.jpg,0.016486,0.026584,0.956931
