image_name,Type_1,Type_2,Type_3
0.jpg,0.008508,0.533896,0.457597
1.jpg,0.063494,0.386098,0.550408
2.jpg,0.852917,0.145572,0.001511
3.jpg,0.001760,0.536506,0.461734
4.jpg,0.015958,0.386194,0.597848
5.jpg,0.000331,0.999068,0.000601
6.jpg,0.000961,0.998878,0.000161
7.jpg,0.010503,0.256993,0.732504
8.jpg,0.006021,0.993498,0.000481
9.jpg,0.010729,0.419939,0.569332
10.jpg,0.492395,0.507437,0.000167
11.jpg,0.000147,0.011077,0.988776
12.jpg,0.010933,0.120125,0.868942
13.jpg,0.004067,0.163549,0.832384
14.jpg,0.013048,0.866132,0.120820
15.jpg,0.013692,0.114065,0.872242
16.jpg,0.445110,0.541493,0.013397
17.jpg,0.105026,0.894375,0.000598
18.jpg,0.211362,0.788550,0.000088
19.jpg,0.006808,0.048491,0.944701
20.jpg,0.960277,0.033125,0.006598
21.jpg,0.003695,0.946689,0.049616
22.jpg,0.000013,0.999808,0.000178
23.jpg,0.886489,0.108648,0.004863
24.jpg,0.038226,0.924399,0.037375
25.jpg,0.098518,0.846988,0.054495
26.jpg,0.045611,0.954263,0.000126
27.jpg,0.002658,0.239442,0.757899
28.jpg,0.022886,0.604053,0.373061
29.jpg,0.001030,0.675312,0.323658
30.jpg,0.575184,0.333763,0.091053
31.jpg,0.610646,0.345393,0.043961
32.jpg,0.066311,0.102968,0.830721
33.jpg,0.552429,0.332060,0.115511
34.jpg,0.221758,0.613287,0.164955
35.jpg,0.021149,0.471085,0.507766
36.jpg,0.000371,0.999429,0.000200
37.jpg,0.753122,0.216206,0.030672
38.jpg,0.059613,0.150525,0.789862
39.jpg,0.332247,0.130075,0.537678
40.jpg,0.035758,0.189402,0.774841
41.jpg,0.006134,0.104200,0.889665
42.jpg,0.046656,0.833772,0.119573
43.jpg,0.046765,0.791396,0.161840
44.jpg,0.117521,0.775406,0.107073
45.jpg,0.002135,0.032875,0.964990
46.jpg,0.131905,0.789202,0.078892
47.jpg,0.980289,0.019301,0.000410
48.jpg,0.068354,0.913524,0.018122
49.jpg,0.001137,0.014658,0.984205
50.jpg,0.173987,0.113718,0.712295
51.jpg,0.998136,0.001844,0.000020
52.jpg,0.009612,0.064968,0.925420
53.jpg,0.004502,0.087110,0.908387
54.jpg,0.001566,0.050782,0.947652
55.jpg,0.022200,0.049149,0.928651
56.jpg,0.027396,0.947179,0.025425
57.jpg,0.618361,0.334650,0.046989
58.jpg,0.000304,0.965373,0.034323
59.jpg,0.747234,0.232217,0.020549
60.jpg,0.021535,0.134877,0.843589
61.jpg,0.008145,0.974200,0.017654
62.jpg,0.017146,0.171521,0.811332
63.jpg,0.038567,0.855359,0.106073
64.jpg,0.209569,0.790121,0.000310
65.jpg,0.858369,0.136874,0.004757
66.jpg,0.030291,0.110243,0.859466
67.jpg,0.000971,0.018319,0.980710
68.jpg,0.009932,0.988208,0.001860
69.jpg,0.467371,0.487291,0.045338
70.jpg,0.127292,0.870830,0.001878
71.jpg,0.045051,0.750683,0.204267
72.jpg,0.001223,0.998029,0.000748
73.jpg,0.510821,0.297815,0.191364
74.jpg,0.009976,0.223249,0.766775
75.jpg,0.004493,0.995501,0.000006
76.jpg,0.002163,0.002482,0.995355
77.jpg,0.002968,0.982634,0.014398
78.jpg,0.000163,0.015406,0.984431
79.jpg,0.983151,0.016455,0.000393
80.jpg,0.007437,0.108328,0.884235
81.jpg,0.009244,0.348451,0.642304
82.jpg,0.401776,0.580838,0.017386
83.jpg,0.015850,0.084851,0.899298
84.jpg,0.978581,0.020801,0.000617
85.jpg,0.001766,0.996862,0.001372
86.jpg,0.000578,0.003127,0.996295
87.jpg,0.003301,0.040836,0.955863
88.jpg,0.073946,0.610909,0.315145
89.jpg,0.004896,0.501726,0.493378
90.jpg,0.119294,0.867660,0.013046
91.jpg,0.611848,0.374178,0.013974
92.jpg,0.003279,0.218375,0.778347
93.jpg,0.065579,0.908263,0.026158
94.jpg,0.049579,0.788279,0.162143
95.jpg,0.034690,0.615941,0.349369
96.jpg,0.984930,0.011946,0.003124
97.jpg,0.030200,0.843472,0.126328
98.jpg,0.000123,0.999732,0.000145
99.jpg,0.003403,0.868645,0.127952
100.jpg,0.043173,0.956785,0.000042
101.jpg,0.088223,0.779044,0.132733
102.jpg,0.399901,0.512202,0.087897
103.jpg,0.525351,0.387703,0.086946
104.jpg,0.000169,0.082040,0.917791
105.jpg,0.000399,0.019048,0.980553
106.jpg,0.074491,0.568319,0.357190
107.jpg,0.000194,0.161446,0.838360
108.jpg,0.000432,0.971714,0.027854
109.jpg,0.001420,0.245501,0.753079
110.jpg,0.000245,0.997979,0.001776
111.jpg,0.180260,0.806812,0.012927
112.jpg,0.000365,0.576112,0.423523
113.jpg,0.004309,0.784032,0.211659
114.jpg,0.150382,0.099692,0.749927
115.jpg,0.000770,0.878976,0.120254
116.jpg,0.010065,0.079906,0.910029
117.jpg,0.056566,0.856129,0.087304
118.jpg,0.034943,0.101014,0.864043
119.jpg,0.507442,0.450201,0.042357
120.jpg,0.007743,0.977699,0.014558
121.jpg,0.001270,0.996346,0.002384
122.jpg,0.001326,0.082039,0.916635
123.jpg,0.881102,0.117171,0.001727
124.jpg,0.003664,0.028867,0.967470
125.jpg,0.000233,0.100739,0.899029
126.jpg,0.000000,0.999991,0.000009
127.jpg,0.030108,0.853487,0.116405
128.jpg,0.000480,0.999014,0.000506
129.jpg,0.045845,0.943825,0.010330
130.jpg,0.649232,0.287187,0.063581
131.jpg,0.002339,0.013956,0.983705
132.jpg,0.006955,0.102173,0.890872
133.jpg,0.002611,0.188071,0.809318
134.jpg,0.001124,0.989795,0.009081
135.jpg,0.605626,0.369059,0.025315
136.jpg,0.000557,0.997703,0.001740
137.jpg,0.489819,0.499218,0.010964
138.jpg,0.329254,0.443712,0.227034
139.jpg,0.161435,0.736878,0.101688
140.jpg,0.002451,0.993558,0.003990
141.jpg,0.002678,0.084680,0.912642
142.jpg,0.744441,0.252956,0.002603
143.jpg,0.002614,0.114653,0.882733
144.jpg,0.000673,0.999323,0.000003
145.jpg,0.082840,0.207548,0.709612
146.jpg,0.000839,0.999052,0.000108
147.jpg,0.001746,0.968530,0.029723
148.jpg,0.090936,0.610242,0.298823
149.jpg,0.071666,0.174952,0.753382
150.jpg,0.034302,0.965683,0.000014
151.jpg,0.000307,0.078444,0.921248
152.jpg,0.000804,0.977817,0.021379
153.jpg,0.000246,0.095422,0.904332
154.jpg,0.384782,0.613201,0.002017
155.jpg,0.034955,0.724982,0.240062
156.jpg,0.013155,0.981736,0.005109
157.jpg,0.004183,0.955740,0.040077
158.jpg,0.002933,0.096575,0.900492
159.jpg,0.044418,0.941938,0.013644
160.jpg,0.005286,0.994705,0.000010
161.jpg,0.028998,0.852100,0.118902
162.jpg,0.044650,0.277202,0.678148
163.jpg,0.028207,0.819758,0.152036
164.jpg,0.202644,0.333272,0.464084
165.jpg,0.992926,0.007027,0.000046
166.jpg,0.266556,0.257461,0.475983
167.jpg,0.057663,0.287107,0.655229
168.jpg,0.025895,0.695183,0.278922
169.jpg,0.143499,0.783118,0.073383
170.jpg,0.002486,0.920107,0.077408
171.jpg,0.041113,0.100698,0.858189
172.jpg,0.003466,0.163357,0.833177
173.jpg,0.011824,0.080476,0.907700
174.jpg,0.158391,0.371897,0.469713
175.jpg,0.014444,0.130841,0.854715
176.jpg,0.000247,0.951689,0.048065
177.jpg,0.000154,0.999792,0.000055
178.jpg,0.027225,0.044706,0.928068
179.jpg,0.156689,0.796715,0.046596
180.jpg,0.002039,0.968050,0.029911
181.jpg,0.047179,0.617903,0.334919
182.jpg,0.001691,0.050734,0.947575
183.jpg,0.085160,0.578622,0.336218
184.jpg,0.014189,0.230396,0.755415
185.jpg,0.039873,0.091640,0.868487
186.jpg,0.000134,0.999367,0.000499
187.jpg,0.039913,0.744658,0.215429
188.jpg,0.292537,0.410359,0.297104
189.jpg,0.013092,0.041574,0.945334
190.jpg,0.001278,0.998139,0.000583
191.jpg,0.008283,0.104857,0.886860
192.jpg,0.008346,0.181096,0.810558
193.jpg,0.871400,0.122640,0.005961
194.jpg,0.006731,0.748209,0.245060
195.jpg,0.056540,0.894960,0.048500
196.jpg,0.865601,0.116280,0.018119
197.jpg,0.277384,0.403560,0.319056
198.jpg,0.003296,0.389695,0.607009
199.jpg,0.028327,0.663409,0.308264
200.jpg,0.016321,0.983098,0.000581
201.jpg,0.003245,0.996007,0.000748
202.jpg,0.229923,0.406240,0.363837
203.jpg,0.015606,0.892359,0.092035
204.jpg,0.003828,0.499618,0.496554
205.jpg,0.023953,0.393936,0.582111
206.jpg,0.212240,0.774053,0.013707
207.jpg,0.026609,0.913578,0.059813
208.jpg,0.013631,0.200526,0.785843
209.jpg,0.002887,0.012031,0.985082
210.jpg,0.037028,0.473599,0.489372
211.jpg,0.734029,0.258300,0.007670
212.jpg,0.005719,0.975756,0.018524
213.jpg,0.006978,0.090271,0.902752
214.jpg,0.204543,0.359281,0.436176
215.jpg,0.007511,0.992332,0.000157
216.jpg,0.000034,0.999951,0.000016
217.jpg,0.026846,0.967663,0.005491
218.jpg,0.057894,0.186892,0.755215
219.jpg,0.055262,0.566464,0.378273
220.jpg,0.006765,0.992853,0.000382
221.jpg,0.020199,0.356232,0.623569
222.jpg,0.000126,0.954016,0.045859
223.jpg,0.002773,0.019704,0.977523
224.jpg,0.001351,0.025576,0.973073
225.jpg,0.026839,0.861439,0.111722
226.jpg,0.003601,0.200414,0.795985
227.jpg,0.000023,0.999975,0.000002
228.jpg,0.000049,0.991248,0.008703
229.jpg,0.001763,0.981998,0.016239
230.jpg,0.017734,0.724403,0.257862
231.jpg,0.999543,0.000450,0.000007
232.jpg,0.724582,0.262772,0.012647
233.jpg,0.015152,0.982311,0.002537
234.jpg,0.008713,0.109521,0.881766
235.jpg,0.004977,0.993628,0.001396
236.jpg,0.007155,0.944631,0.048214
237.jpg,0.109265,0.090345,0.800389
238.jpg,0.014145,0.093587,0.892267
239.jpg,0.000003,0.999961,0.000036
240.jpg,0.191704,0.475306,0.332990
241.jpg,0.000939,0.286353,0.712708
242.jpg,0.010059,0.983941,0.005999
243.jpg,0.986951,0.013036,0.000012
244.jpg,0.008660,0.703971,0.287369
245.jpg,0.081781,0.918216,0.000003
246.jpg,0.001649,0.991945,0.006406
247.jpg,0.042560,0.110674,0.846766
248.jpg,0.036610,0.795211,0.168179
249.jpg,0.770202,0.215463,0.014335
250.jpg,0.010332,0.147397,0.842271
251.jpg,0.002194,0.963055,0.034751
252.jpg,0.067056,0.591810,0.341134
253.jpg,0.016863,0.900886,0.082251
254.jpg,0.001236,0.019516,0.979248
255.jpg,0.029798,0.773654,0.196547
256.jpg,0.006650,0.073978,0.919372
257.jpg,0.000335,0.999144,0.000521
258.jpg,0.004602,0.403100,0.592298
259.jpg,0.084887,0.271722,0.643390
260.jpg,0.792556,0.200276,0.007168
261.jpg,0.185131,0.103592,0.711278
262.jpg,0.138304,0.709016,0.152681
263.jpg,0.051767,0.701643,0.246589
264.jpg,0.019252,0.078289,0.902459
265.jpg,0.003663,0.216410,0.779927
266.jpg,0.000964,0.014423,0.984613
267.jpg,0.615921,0.271023,0.113055
268.jpg,0.209958,0.600102,0.189940
269.jpg,0.800315,0.196480,0.003204
270.jpg,0.002509,0.060290,0.937200
271.jpg,0.214507,0.155982,0.629511
272.jpg,0.057106,0.743249,0.199646
273.jpg,0.003140,0.977140,0.019720
274.jpg,0.044702,0.955118,0.000181
275.jpg,0.000312,0.003126,0.996562
276.jpg,0.003172,0.616926,0.379902
277.jpg,0.004225,0.980816,0.014959
278.jpg,0.001312,0.991074,0.007614
279.jpg,0.130318,0.391114,0.478567
280.jpg,0.001677,0.994356,0.003967
281.jpg,0.001180,0.186284,0.812536
282.jpg,0.060548,0.847002,0.092451
283.jpg,0.001934,0.131493,0.866573
284.jpg,0.001910,0.020090,0.978000
285.jpg,0.744310,0.226859,0.028830
286.jpg,0.000883,0.993262,0.005855
287.jpg,0.001974,0.083324,0.914702
288.jpg,0.001999,0.993746,0.004255
289.jpg,0.886781,0.112589,0.000630
290.jpg,0.004754,0.862490,0.132756
291.jpg,0.788742,0.210216,0.001042
292.jpg,0.059585,0.454584,0.485831
293.jpg,0.954556,0.044644,0.000800
294.jpg,0.000731,0.992211,0.007058
295.jpg,0.000302,0.999295,0.000403
296.jpg,0.032767,0.896267,0.070966
297.jpg,0.435350,0.269740,0.294910
298.jpg,0.017891,0.022974,0.959134
299.jpg,0.003361,0.996390,0.000249
300.jpg,0.003126,0.991318,0.005556
301.jpg,0.003965,0.781974,0.214061
302.jpg,0.028642,0.557902,0.413456
303.jpg,0.135876,0.839335,0.024789
304.jpg,0.994943,0.004238,0.000819
305.jpg,0.010440,0.507460,0.482100
306.jpg,0.005162,0.697634,0.297204
307.jpg,0.001682,0.021010,0.977308
308.jpg,0.734806,0.259791,0.005404
309.jpg,0.001288,0.879273,0.119439
310.jpg,0.001012,0.212825,0.786163
311.jpg,0.000335,0.006661,0.993005
312.jpg,0.975849,0.022855,0.001296
313.jpg,0.007246,0.768413,0.224341
314.jpg,0.005503,0.953382,0.041115
315.jpg,0.288890,0.693692,0.017418
316.jpg,0.886174,0.093536,0.020290
317.jpg,0.216661,0.596686,0.186653
318.jpg,0.190654,0.795623,0.013723
319.jpg,0.001974,0.405248,0.592778
320.jpg,0.017032,0.965905,0.017063
321.jpg,0.316514,0.517272,0.166215
322.jpg,0.002836,0.659029,0.338135
323.jpg,0.022539,0.181687,0.795774
324.jpg,0.074671,0.925082,0.000248
325.jpg,0.040531,0.219382,0.740086
326.jpg,0.000014,0.002582,0.997404
327.jpg,0.003318,0.113698,0.882984
328.jpg,0.024721,0.957167,0.018111
329.jpg,0.001251,0.997679,0.001070
330.jpg,0.136795,0.863174,0.000031
331.jpg,0.447547,0.551512,0.000942
332.jpg,0.009260,0.233055,0.757685
333.jpg,0.000060,0.000572,0.999368
334.jpg,0.000148,0.032230,0.967622
335.jpg,0.002218,0.074020,0.923762
336.jpg,0.997815,0.002164,0.000020
337.jpg,0.000928,0.949813,0.049259
338.jpg,0.032739,0.966506,0.000755
339.jpg,0.006104,0.085092,0.908805
340.jpg,0.003778,0.754549,0.241673
341.jpg,0.102808,0.709470,0.187722
342.jpg,0.384435,0.197807,0.417757
343.jpg,0.009590,0.118823,0.871587
344.jpg,0.993643,0.005829,0.000528
345.jpg,0.940224,0.049308,0.010468
346.jpg,0.030217,0.908840,0.060944
347.jpg,0.034789,0.936139,0.029072
348.jpg,0.002380,0.840272,0.157348
349.jpg,0.316711,0.667353,0.015936
350.jpg,0.004283,0.802160,0.193557
351.jpg,0.000545,0.567348,0.432107
352.jpg,0.059199,0.824878,0.115923
353.jpg,0.000853,0.012055,0.987092
354.jpg,0.000917,0.999033,0.000051
355.jpg,0.973840,0.025474,0.000685
356.jpg,0.998920,0.001076,0.000003
357.jpg,0.002607,0.450944,0.546449
358.jpg,0.271209,0.620904,0.107888
359.jpg,0.014566,0.039791,0.945643
360.jpg,0.000009,0.999989,0.000002
361.jpg,0.267200,0.719799,0.013001
362.jpg,0.000774,0.989569,0.009657
363.jpg,0.435104,0.275474,0.289422
364.jpg,0.020546,0.383783,0.595670
365.jpg,0.000127,0.966180,0.033693
366.jpg,0.005409,0.042403,0.952188
367.jpg,0.278639,0.715918,0.005442
368.jpg,0.103850,0.754063,0.142087
369.jpg,0.003259,0.459977,0.536764
370.jpg,0.049322,0.925146,0.025532
371.jpg,0.652459,0.345948,0.001593
372.jpg,0.002762,0.107756,0.889483
373.jpg,0.286769,0.690410,0.022820
374.jpg,0.014344,0.685028,0.300628
375.jpg,0.010714,0.976734,0.012552
376.jpg,0.093891,0.608964,0.297145
377.jpg,0.010426,0.930724,0.058849
378.jpg,0.004257,0.969262,0.026481
379.jpg,0.012586,0.107494,0.879920
380.jpg,0.002672,0.593903,0.403424
381.jpg,0.291311,0.637642,0.071046
382.jpg,0.991302,0.008342,0.000356
383.jpg,0.086368,0.866683,0.046949
384.jpg,0.004826,0.068290,0.926883
385.jpg,0.000184,0.996176,0.003641
386.jpg,0.000190,0.003493,0.996317
387.jpg,0.011958,0.839244,0.148797
388.jpg,0.007916,0.147487,0.844597
389.jpg,0.000214,0.999697,0.000090
390.jpg,0.000375,0.992073,0.007552
391.jpg,0.001660,0.554068,0.444273
392.jpg,0.005390,0.916941,0.077669
393.jpg,0.090571,0.254216,0.655213
394.jpg,0.040046,0.668084,0.291871
395.jpg,0.149589,0.342505,0.507906
396.jpg,0.000116,0.999722,0.000161
397.jpg,0.101414,0.865397,0.033189
398.jpg,0.005288,0.102340,0.892372
399.jpg,0.159538,0.115896,0.724566
400.jpg,0.032075,0.371316,0.596609
401.jpg,0.001505,0.998305,0.000190
402.jpg,0.400724,0.595493,0.003784
403.jpg,0.112994,0.266474,0.620531
404.jpg,0.328412,0.650531,0.021057
405.jpg,0.013473,0.985035,0.001492
406.jpg,0.915881,0.082336,0.001783
407.jpg,0.102408,0.897088,0.000504
408.jpg,0.003052,0.297493,0.699455
409.jpg,0.002271,0.380876,0.616853
410.jpg,0.000594,0.970192,0.029213
411.jpg,0.099453,0.800044,0.100503
412.jpg,0.120404,0.753330,0.126266
413.jpg,0.008293,0.025341,0.966366
414.jpg,0.000272,0.000775,0.998953
415.jpg,0.916195,0.083659,0.000147
416.jpg,0.875128,0.110477,0.014396
417.jpg,0.560302,0.438899,0.000799
418.jpg,0.027712,0.090886,0.881403
419.jpg,0.305442,0.445282,0.249276
420.jpg,0.000284,0.108904,0.890812
421.jpg,0.164018,0.676295,0.159687
422.jpg,0.002344,0.153354,0.844301
423.jpg,0.048000,0.198226,0.753774
424.jpg,0.010235,0.808321,0.181444
425.jpg,0.000048,0.001403,0.998549
426.jpg,0.071794,0.588940,0.339266
427.jpg,0.007592,0.861601,0.130807
428.jpg,0.020794,0.156344,0.822863
429.jpg,0.003476,0.022072,0.974452
430.jpg,0.016707,0.839826,0.143468
431.jpg,0.938445,0.061528,0.000027
432.jpg,0.000328,0.044681,0.954991
433.jpg,0.000501,0.018092,0.981407
434.jpg,0.375668,0.526042,0.098290
435.jpg,0.000310,0.054110,0.945580
436.jpg,0.137484,0.722631,0.139885
437.jpg,0.854217,0.135672,0.010111
438.jpg,0.000796,0.998085,0.001119
439.jpg,0.000037,0.999065,0.000898
440.jpg,0.000541,0.002569,0.996890
441.jpg,0.000070,0.995470,0.004460
442.jpg,0.217981,0.768496,0.013523
443.jpg,0.019325,0.488324,0.492351
444.jpg,0.198500,0.523833,0.277667
445.jpg,0.050084,0.337336,0.612580
446.jpg,0.428595,0.538705,0.032699
447.jpg,0.005426,0.151951,0.842623
448.jpg,0.000013,0.999617,0.000369
449.jpg,0.316609,0.664823,0.018568
450.jpg,0.002787,0.920242,0.076971
451.jpg,0.003500,0.992227,0.004273
452.jpg,0.007107,0.351369,0.641524
453.jpg,0.689580,0.305562,0.004858
454.jpg,0.081879,0.917747,0.000374
455.jpg,0.182507,0.535549,0.281944
456.jpg,0.029868,0.968188,0.001945
457.jpg,0.967892,0.029084,0.003024
458.jpg,0.003297,0.995238,0.001465
459.jpg,0.131765,0.864099,0.004136
460.jpg,0.005543,0.040973,0.953484
461.jpg,0.081490,0.569233,0.349277
462.jpg,0.042787,0.715110,0.242103
463.jpg,0.037708,0.589522,0.372771
464.jpg,0.023636,0.969382,0.006982
465.jpg,0.000285,0.999241,0.000475
466.jpg,0.003588,0.994953,0.001459
467.jpg,0.422948,0.376331,0.200720
468.jpg,0.051022,0.946923,0.002055
469.jpg,0.010039,0.565941,0.424019
470.jpg,0.007874,0.990836,0.001290
471.jpg,0.064337,0.874836,0.060826
472.jpg,0.558322,0.428106,0.013572
473.jpg,0.000942,0.993081,0.005977
474.jpg,0.035204,0.946549,0.018247
475.jpg,0.382545,0.577857,0.039597
476.jpg,0.149228,0.778302,0.072470
477.jpg,0.760329,0.233632,0.006039
478.jpg,0.022244,0.915704,0.062052
479.jpg,0.016775,0.166581,0.816644
480.jpg,0.407482,0.193792,0.398726
481.jpg,0.000060,0.002978,0.996962
482.jpg,0.969315,0.030685,0.000000
483.jpg,0.824154,0.119406,0.056441
484.jpg,0.237882,0.228654,0.533464
485.jpg,0.053440,0.753316,0.193244
486.jpg,0.031280,0.555941,0.412779
487.jpg,0.170105,0.829760,0.000135
488.jpg,0.110038,0.846200,0.043762
489.jpg,0.135563,0.328045,0.536392
490.jpg,0.008398,0.470704,0.520899
491.jpg,0.001046,0.064386,0.934568
492.jpg,0.935896,0.062565,0.001539
493.jpg,0.326673,0.668556,0.004771
494.jpg,0.000264,0.951781,0.047954
495.jpg,0.023444,0.934361,0.042196
496.jpg,0.032997,0.815749,0.151254
497.jpg,0.026047,0.971384,0.002569
498.jpg,0.034873,0.374671,0.590456
499.jpg,0.001131,0.030244,0.968626
500.jpg,0.035893,0.841563,0.122545
501.jpg,0.108292,0.891372,0.000336
502.jpg,0.004975,0.299388,0.695637
503.jpg,0.000965,0.702319,0.296716
504.jpg,0.030182,0.206716,0.763102
505.jpg,0.005570,0.994244,0.000186
506.jpg,0.177244,0.778892,0.043864
507.jpg,0.191636,0.559555,0.248810
508.jpg,0.007526,0.947497,0.044976
509.jpg,0.000003,0.999991,0.000006
510.jpg,0.079146,0.629074,0.291780
511.jpg,0.024174,0.067970,0.907855
